+0.000000000000000e+00
+2.929687500000000e-02
+5.859375000000000e-02
+8.789062500000000e-02
+1.171875000000000e-01
+1.464843750000000e-01
+1.757812500000000e-01
+2.050781250000000e-01
+2.343750000000000e-01
+2.636718750000000e-01
+2.929687500000000e-01
+3.222656250000000e-01
+3.515625000000000e-01
+3.808593750000000e-01
+4.101562500000000e-01
+4.394531250000000e-01
+4.687500000000000e-01
+4.980468750000000e-01
+5.273437500000000e-01
+5.566406250000000e-01
+5.859375000000000e-01
+6.152343750000000e-01
+6.445312500000000e-01
+6.738281250000000e-01
+7.031250000000000e-01
+7.324218750000000e-01
+7.617187500000000e-01
+7.910156250000000e-01
+8.203125000000000e-01
+8.496093750000000e-01
+8.789062500000000e-01
+9.082031250000000e-01
+9.375000000000000e-01
+9.667968750000000e-01
+9.960937500000000e-01
+1.025390625000000e+00
+1.054687500000000e+00
+1.083984375000000e+00
+1.113281250000000e+00
+1.142578125000000e+00
+1.171875000000000e+00
+1.201171875000000e+00
+1.230468750000000e+00
+1.259765625000000e+00
+1.289062500000000e+00
+1.318359375000000e+00
+1.347656250000000e+00
+1.376953125000000e+00
+1.406250000000000e+00
+1.435546875000000e+00
+1.464843750000000e+00
+1.494140625000000e+00
+1.523437500000000e+00
+1.552734375000000e+00
+1.582031250000000e+00
+1.611328125000000e+00
+1.640625000000000e+00
+1.669921875000000e+00
+1.699218750000000e+00
+1.728515625000000e+00
+1.757812500000000e+00
+1.787109375000000e+00
+1.816406250000000e+00
+1.845703125000000e+00
+1.875000000000000e+00
+1.904296875000000e+00
+1.933593750000000e+00
+1.962890625000000e+00
+1.992187500000000e+00
+2.021484375000000e+00
+2.050781250000000e+00
+2.080078125000000e+00
+2.109375000000000e+00
+2.138671875000000e+00
+2.167968750000000e+00
+2.197265625000000e+00
+2.226562500000000e+00
+2.255859375000000e+00
+2.285156250000000e+00
+2.314453125000000e+00
+2.343750000000000e+00
+2.373046875000000e+00
+2.402343750000000e+00
+2.431640625000000e+00
+2.460937500000000e+00
+2.490234375000000e+00
+2.519531250000000e+00
+2.548828125000000e+00
+2.578125000000000e+00
+2.607421875000000e+00
+2.636718750000000e+00
+2.666015625000000e+00
+2.695312500000000e+00
+2.724609375000000e+00
+2.753906250000000e+00
+2.783203125000000e+00
+2.812500000000000e+00
+2.841796875000000e+00
+2.871093750000000e+00
+2.900390625000000e+00
+2.929687500000000e+00
+2.958984375000000e+00
+2.988281250000000e+00
+3.017578125000000e+00
+3.046875000000000e+00
+3.076171875000000e+00
+3.105468750000000e+00
+3.134765625000000e+00
+3.164062500000000e+00
+3.193359375000000e+00
+3.222656250000000e+00
+3.251953125000000e+00
+3.281250000000000e+00
+3.310546875000000e+00
+3.339843750000000e+00
+3.369140625000000e+00
+3.398437500000000e+00
+3.427734375000000e+00
+3.457031250000000e+00
+3.486328125000000e+00
+3.515625000000000e+00
+3.544921875000000e+00
+3.574218750000000e+00
+3.603515625000000e+00
+3.632812500000000e+00
+3.662109375000000e+00
+3.691406250000000e+00
+3.720703125000000e+00
+3.750000000000000e+00
+3.779296875000000e+00
+3.808593750000000e+00
+3.837890625000000e+00
+3.867187500000000e+00
+3.896484375000000e+00
+3.925781250000000e+00
+3.955078125000000e+00
+3.984375000000000e+00
+4.013671875000000e+00
+4.042968750000000e+00
+4.072265625000000e+00
+4.101562500000000e+00
+4.130859375000000e+00
+4.160156250000000e+00
+4.189453125000000e+00
+4.218750000000000e+00
+4.248046875000000e+00
+4.277343750000000e+00
+4.306640625000000e+00
+4.335937500000000e+00
+4.365234375000000e+00
+4.394531250000000e+00
+4.423828125000000e+00
+4.453125000000000e+00
+4.482421875000000e+00
+4.511718750000000e+00
+4.541015625000000e+00
+4.570312500000000e+00
+4.599609375000000e+00
+4.628906250000000e+00
+4.658203125000000e+00
+4.687500000000000e+00
+4.716796875000000e+00
+4.746093750000000e+00
+4.775390625000000e+00
+4.804687500000000e+00
+4.833984375000000e+00
+4.863281250000000e+00
+4.892578125000000e+00
+4.921875000000000e+00
+4.951171875000000e+00
+4.980468750000000e+00
+5.009765625000000e+00
+5.039062500000000e+00
+5.068359375000000e+00
+5.097656250000000e+00
+5.126953125000000e+00
+5.156250000000000e+00
+5.185546875000000e+00
+5.214843750000000e+00
+5.244140625000000e+00
+5.273437500000000e+00
+5.302734375000000e+00
+5.332031250000000e+00
+5.361328125000000e+00
+5.390625000000000e+00
+5.419921875000000e+00
+5.449218750000000e+00
+5.478515625000000e+00
+5.507812500000000e+00
+5.537109375000000e+00
+5.566406250000000e+00
+5.595703125000000e+00
+5.625000000000000e+00
+5.654296875000000e+00
+5.683593750000000e+00
+5.712890625000000e+00
+5.742187500000000e+00
+5.771484375000000e+00
+5.800781250000000e+00
+5.830078125000000e+00
+5.859375000000000e+00
+5.888671875000000e+00
+5.917968750000000e+00
+5.947265625000000e+00
+5.976562500000000e+00
+6.005859375000000e+00
+6.035156250000000e+00
+6.064453125000000e+00
+6.093750000000000e+00
+6.123046875000000e+00
+6.152343750000000e+00
+6.181640625000000e+00
+6.210937500000000e+00
+6.240234375000000e+00
+6.269531250000000e+00
+6.298828125000000e+00
+6.328125000000000e+00
+6.357421875000000e+00
+6.386718750000000e+00
+6.416015625000000e+00
+6.445312500000000e+00
+6.474609375000000e+00
+6.503906250000000e+00
+6.533203125000000e+00
+6.562500000000000e+00
+6.591796875000000e+00
+6.621093750000000e+00
+6.650390625000000e+00
+6.679687500000000e+00
+6.708984375000000e+00
+6.738281250000000e+00
+6.767578125000000e+00
+6.796875000000000e+00
+6.826171875000000e+00
+6.855468750000000e+00
+6.884765625000000e+00
+6.914062500000000e+00
+6.943359375000000e+00
+6.972656250000000e+00
+7.001953125000000e+00
+7.031250000000000e+00
+7.060546875000000e+00
+7.089843750000000e+00
+7.119140625000000e+00
+7.148437500000000e+00
+7.177734375000000e+00
+7.207031250000000e+00
+7.236328125000000e+00
+7.265625000000000e+00
+7.294921875000000e+00
+7.324218750000000e+00
+7.353515625000000e+00
+7.382812500000000e+00
+7.412109375000000e+00
+7.441406250000000e+00
+7.470703125000000e+00
+7.500000000000000e+00
+7.529296875000000e+00
+7.558593750000000e+00
+7.587890625000000e+00
+7.617187500000000e+00
+7.646484375000000e+00
+7.675781250000000e+00
+7.705078125000000e+00
+7.734375000000000e+00
+7.763671875000000e+00
+7.792968750000000e+00
+7.822265625000000e+00
+7.851562500000000e+00
+7.880859375000000e+00
+7.910156250000000e+00
+7.939453125000000e+00
+7.968750000000000e+00
+7.998046875000000e+00
+8.027343750000000e+00
+8.056640625000000e+00
+8.085937500000000e+00
+8.115234375000000e+00
+8.144531250000000e+00
+8.173828125000000e+00
+8.203125000000000e+00
+8.232421875000000e+00
+8.261718750000000e+00
+8.291015625000000e+00
+8.320312500000000e+00
+8.349609375000000e+00
+8.378906250000000e+00
+8.408203125000000e+00
+8.437500000000000e+00
+8.466796875000000e+00
+8.496093750000000e+00
+8.525390625000000e+00
+8.554687500000000e+00
+8.583984375000000e+00
+8.613281250000000e+00
+8.642578125000000e+00
+8.671875000000000e+00
+8.701171875000000e+00
+8.730468750000000e+00
+8.759765625000000e+00
+8.789062500000000e+00
+8.818359375000000e+00
+8.847656250000000e+00
+8.876953125000000e+00
+8.906250000000000e+00
+8.935546875000000e+00
+8.964843750000000e+00
+8.994140625000000e+00
+9.023437500000000e+00
+9.052734375000000e+00
+9.082031250000000e+00
+9.111328125000000e+00
+9.140625000000000e+00
+9.169921875000000e+00
+9.199218750000000e+00
+9.228515625000000e+00
+9.257812500000000e+00
+9.287109375000000e+00
+9.316406250000000e+00
+9.345703125000000e+00
+9.375000000000000e+00
+9.404296875000000e+00
+9.433593750000000e+00
+9.462890625000000e+00
+9.492187500000000e+00
+9.521484375000000e+00
+9.550781250000000e+00
+9.580078125000000e+00
+9.609375000000000e+00
+9.638671875000000e+00
+9.667968750000000e+00
+9.697265625000000e+00
+9.726562500000000e+00
+9.755859375000000e+00
+9.785156250000000e+00
+9.814453125000000e+00
+9.843750000000000e+00
+9.873046875000000e+00
+9.902343750000000e+00
+9.931640625000000e+00
+9.960937500000000e+00
+9.990234375000000e+00
+1.001953125000000e+01
+1.004882812500000e+01
+1.007812500000000e+01
+1.010742187500000e+01
+1.013671875000000e+01
+1.016601562500000e+01
+1.019531250000000e+01
+1.022460937500000e+01
+1.025390625000000e+01
+1.028320312500000e+01
+1.031250000000000e+01
+1.034179687500000e+01
+1.037109375000000e+01
+1.040039062500000e+01
+1.042968750000000e+01
+1.045898437500000e+01
+1.048828125000000e+01
+1.051757812500000e+01
+1.054687500000000e+01
+1.057617187500000e+01
+1.060546875000000e+01
+1.063476562500000e+01
+1.066406250000000e+01
+1.069335937500000e+01
+1.072265625000000e+01
+1.075195312500000e+01
+1.078125000000000e+01
+1.081054687500000e+01
+1.083984375000000e+01
+1.086914062500000e+01
+1.089843750000000e+01
+1.092773437500000e+01
+1.095703125000000e+01
+1.098632812500000e+01
+1.101562500000000e+01
+1.104492187500000e+01
+1.107421875000000e+01
+1.110351562500000e+01
+1.113281250000000e+01
+1.116210937500000e+01
+1.119140625000000e+01
+1.122070312500000e+01
+1.125000000000000e+01
+1.127929687500000e+01
+1.130859375000000e+01
+1.133789062500000e+01
+1.136718750000000e+01
+1.139648437500000e+01
+1.142578125000000e+01
+1.145507812500000e+01
+1.148437500000000e+01
+1.151367187500000e+01
+1.154296875000000e+01
+1.157226562500000e+01
+1.160156250000000e+01
+1.163085937500000e+01
+1.166015625000000e+01
+1.168945312500000e+01
+1.171875000000000e+01
+1.174804687500000e+01
+1.177734375000000e+01
+1.180664062500000e+01
+1.183593750000000e+01
+1.186523437500000e+01
+1.189453125000000e+01
+1.192382812500000e+01
+1.195312500000000e+01
+1.198242187500000e+01
+1.201171875000000e+01
+1.204101562500000e+01
+1.207031250000000e+01
+1.209960937500000e+01
+1.212890625000000e+01
+1.215820312500000e+01
+1.218750000000000e+01
+1.221679687500000e+01
+1.224609375000000e+01
+1.227539062500000e+01
+1.230468750000000e+01
+1.233398437500000e+01
+1.236328125000000e+01
+1.239257812500000e+01
+1.242187500000000e+01
+1.245117187500000e+01
+1.248046875000000e+01
+1.250976562500000e+01
+1.253906250000000e+01
+1.256835937500000e+01
+1.259765625000000e+01
+1.262695312500000e+01
+1.265625000000000e+01
+1.268554687500000e+01
+1.271484375000000e+01
+1.274414062500000e+01
+1.277343750000000e+01
+1.280273437500000e+01
+1.283203125000000e+01
+1.286132812500000e+01
+1.289062500000000e+01
+1.291992187500000e+01
+1.294921875000000e+01
+1.297851562500000e+01
+1.300781250000000e+01
+1.303710937500000e+01
+1.306640625000000e+01
+1.309570312500000e+01
+1.312500000000000e+01
+1.315429687500000e+01
+1.318359375000000e+01
+1.321289062500000e+01
+1.324218750000000e+01
+1.327148437500000e+01
+1.330078125000000e+01
+1.333007812500000e+01
+1.335937500000000e+01
+1.338867187500000e+01
+1.341796875000000e+01
+1.344726562500000e+01
+1.347656250000000e+01
+1.350585937500000e+01
+1.353515625000000e+01
+1.356445312500000e+01
+1.359375000000000e+01
+1.362304687500000e+01
+1.365234375000000e+01
+1.368164062500000e+01
+1.371093750000000e+01
+1.374023437500000e+01
+1.376953125000000e+01
+1.379882812500000e+01
+1.382812500000000e+01
+1.385742187500000e+01
+1.388671875000000e+01
+1.391601562500000e+01
+1.394531250000000e+01
+1.397460937500000e+01
+1.400390625000000e+01
+1.403320312500000e+01
+1.406250000000000e+01
+1.409179687500000e+01
+1.412109375000000e+01
+1.415039062500000e+01
+1.417968750000000e+01
+1.420898437500000e+01
+1.423828125000000e+01
+1.426757812500000e+01
+1.429687500000000e+01
+1.432617187500000e+01
+1.435546875000000e+01
+1.438476562500000e+01
+1.441406250000000e+01
+1.444335937500000e+01
+1.447265625000000e+01
+1.450195312500000e+01
+1.453125000000000e+01
+1.456054687500000e+01
+1.458984375000000e+01
+1.461914062500000e+01
+1.464843750000000e+01
+1.467773437500000e+01
+1.470703125000000e+01
+1.473632812500000e+01
+1.476562500000000e+01
+1.479492187500000e+01
+1.482421875000000e+01
+1.485351562500000e+01
+1.488281250000000e+01
+1.491210937500000e+01
+1.494140625000000e+01
+1.497070312500000e+01
+1.500000000000000e+01
