+1.558307037370915e+00
+9.999999999999998e-01
+1.000000000000000e+00
+1.000000000000000e+00
+1.000000000000000e+00
+1.378183168693182e+00
+1.588928790834510e+00
+1.692422601946074e+00
+1.822891321725400e+00
+9.999999999999998e-01
+1.361771998611518e+00
+1.000000000000000e+00
+1.098956481541368e+00
+1.000000000000000e+00
+1.065751681427390e+00
+1.052675342836316e+00
+1.203696296522577e+00
+1.000000000000000e+00
+1.032047638870676e+00
+1.000000000000000e+00
+1.000000000000000e+00
+1.036926834208117e+00
+1.072051921895412e+00
+9.999999999999998e-01
+1.060152925969965e+00
+1.103009404633059e+00
+1.036851543449005e+00
+9.999999999999999e-01
+1.106384948877181e+00
+1.088389112173401e+00
+1.049387364092968e+00
+1.151413669939990e+00
+1.155767603845298e+00
+9.999999999999999e-01
+1.128014248561113e+00
+1.124264724939523e+00
+9.999999999999993e-01
+1.121936366476686e+00
+1.149115511398354e+00
+1.114813547041228e+00
+1.175990971442504e+00
+1.067928337200450e+00
+1.177657806467477e+00
+1.181468924216868e+00
+1.196385026455714e+00
+1.223967589900058e+00
+1.186320452884234e+00
+1.207272942687346e+00
+1.251543806876225e+00
+1.192876424583378e+00
+1.151503941847293e+00
+1.200956637642032e+00
+1.153760274338307e+00
+1.275426170547428e+00
+1.104912626409569e+00
+1.234198753787360e+00
+1.103427825730145e+00
+1.260668651235787e+00
+1.147770767897128e+00
+1.198023584760267e+00
+1.000000000000000e+00
+1.257592899731881e+00
+1.217134490883033e+00
+1.056452711588287e+00
+1.048200097573197e+00
+1.337825810629236e+00
+1.222002173705648e+00
+1.312244185132069e+00
+1.137001898302297e+00
+1.171597176911717e+00
+1.147125976026716e+00
+1.227702332032041e+00
+1.123722161969267e+00
+1.213577213836937e+00
+1.131045814364340e+00
+1.114453513066408e+00
+1.145288540780675e+00
+1.098522454351990e+00
+1.122173950731399e+00
+1.130718860140684e+00
+1.090942727824878e+00
+1.163565517131706e+00
+1.110495943281253e+00
+1.150260885203688e+00
+1.078096988784785e+00
+1.274164008314938e+00
+1.213754150575567e+00
+1.243070924125796e+00
+1.108160893896957e+00
+1.088254355468836e+00
+1.071916384966575e+00
+1.237269585040072e+00
+1.263040637678366e+00
+1.251112546631375e+00
+1.322052984949076e+00
+1.223121215852544e+00
+1.289046961232223e+00
+1.288714145395416e+00
+1.192169823832531e+00
+1.278408134074337e+00
+1.294310545149211e+00
+1.302208934393455e+00
+1.328086187321578e+00
+1.272045280138134e+00
+1.199302261161503e+00
+1.262254892610494e+00
+1.315350058045582e+00
+1.358502080234519e+00
+1.217558912691832e+00
+1.219534909966505e+00
+1.171931641374846e+00
+1.260799208479554e+00
+1.193107076097907e+00
+1.269627029417571e+00
+1.147691084996192e+00
+1.212267730159246e+00
+1.243913027224689e+00
+1.309323880326877e+00
+1.167039675844174e+00
+1.210127453821248e+00
+1.190008142209777e+00
+1.154519134014621e+00
+1.182547720642324e+00
+9.999999999999999e-01
+1.337794011133582e+00
+1.293542719962766e+00
+1.312507468755528e+00
+1.319420428427394e+00
+1.173864290807447e+00
+1.188273550523081e+00
+1.171275833642188e+00
+1.138501470121513e+00
+1.118578298614149e+00
+1.367726127536182e+00
+1.297725629351617e+00
+1.146971415186474e+00
+1.136560625124305e+00
+1.334246186747734e+00
+1.082280461568161e+00
+1.346786037827740e+00
+1.388122108841165e+00
+1.372135358028686e+00
+1.420412729107529e+00
+1.393029545389412e+00
+1.399960354965414e+00
+1.353718610344985e+00
+1.118981801003994e+00
+1.107328623082235e+00
+1.044424161663748e+00
+1.079220379256060e+00
+1.000000000000000e+00
+9.999999999999998e-01
+9.999999999999998e-01
+1.052781779813741e+00
+1.071801177188000e+00
+1.023510643137528e+00
+1.032591590549455e+00
+1.101477704441728e+00
+1.047985837228903e+00
+1.000000000000000e+00
+9.999999999999994e-01
+1.050151036084645e+00
+1.077985113167834e+00
+1.103278138629727e+00
+1.070609021061277e+00
+1.125899555589170e+00
+1.124330960819695e+00
+1.023130480573755e+00
+1.039792112359122e+00
+1.074076512653456e+00
+1.027042042211612e+00
+1.098779988157200e+00
+1.104192629183444e+00
+1.044978568193842e+00
+9.999999999999999e-01
+9.999999999999998e-01
+1.047569148495683e+00
+1.022973183829872e+00
+1.042347515486838e+00
+1.049925536827450e+00
+1.065267788042642e+00
+1.064239433042200e+00
+1.082514554354166e+00
+1.081188514990445e+00
+1.058385144718102e+00
+1.093461580480248e+00
+1.068078643908412e+00
+1.077562054274849e+00
+1.041473582899167e+00
+1.062596286993594e+00
+1.033998183385395e+00
+1.075848231941365e+00
+1.037944508269784e+00
+9.999999999999993e-01
+1.025148401031593e+00
+1.024928783502618e+00
+9.999999999999999e-01
+1.029308461110719e+00
+1.015388351375454e+00
+1.317244075144680e+00
+1.412512225240800e+00
+1.361512521876782e+00
+1.383740360263221e+00
+1.375856384598746e+00
+1.365853173917439e+00
+1.302383749152364e+00
+1.385704717328227e+00
+1.418782154437700e+00
+1.245736946986370e+00
+1.373206841845535e+00
+1.339201711341870e+00
+1.432278875616212e+00
+1.370118062822110e+00
+1.434154309867242e+00
+1.357973362482474e+00
+1.222056496860828e+00
+1.537109616580263e+00
+1.478777204985502e+00
+1.516469711118309e+00
+1.473495479545267e+00
+1.512352306198390e+00
+1.586340090140771e+00
+1.554614276701077e+00
+1.608676092379160e+00
+1.051845537377273e+00
+1.189003176400684e+00
+1.169433880877402e+00
+1.297908510946071e+00
+1.249701512163560e+00
+1.246508812371888e+00
+1.142013002080114e+00
+1.153348201315767e+00
+1.144419760118025e+00
+1.028791279353487e+00
+1.047058532482530e+00
+1.031440335856754e+00
+1.000000000000000e+00
+1.080568920223160e+00
+1.053698589571185e+00
+1.057865753053371e+00
+1.108694771481425e+00
+1.042315198869335e+00
+1.015596002796186e+00
+1.022829900867793e+00
+1.028711352531025e+00
+1.027048152767656e+00
+1.015731321109933e+00
+9.999999999999997e-01
+9.999999999999998e-01
+1.015495498756497e+00
+1.015242840164258e+00
+1.014164311990283e+00
+1.016952901106871e+00
+1.361852756944947e+00
+1.389755295789452e+00
+1.452858457504925e+00
+1.421349640472774e+00
+1.430594044406285e+00
+1.427158091449698e+00
+1.476916051399137e+00
+1.449547320932357e+00
+1.441423464771595e+00
+1.477188873456988e+00
+1.453521829154720e+00
+1.490095346607736e+00
+1.472178577384189e+00
+1.543456866749672e+00
+1.485972718609258e+00
+1.508327769823649e+00
+1.465474759849735e+00
+1.503637993452185e+00
+1.443212137319656e+00
+1.513980503286372e+00
+1.541841390250307e+00
+1.472400291238351e+00
+1.506149933892311e+00
+1.482988781563780e+00
+1.503824973127716e+00
+1.535259384163200e+00
+1.590008895175884e+00
+1.563148515450773e+00
+1.584558832720780e+00
+1.563848750115094e+00
+1.580902657127619e+00
+1.542904322389645e+00
+1.533521089522991e+00
+1.622907357835161e+00
+1.442155749714002e+00
+1.481416197360173e+00
+1.546248315277269e+00
+1.521316315489018e+00
+1.505097440063793e+00
+1.551123638299054e+00
+1.520835348209527e+00
+1.492262220691624e+00
+1.551638496984261e+00
+1.460333179412749e+00
+1.542554718599658e+00
+1.460420745179525e+00
+1.629939855805741e+00
+1.481868421752945e+00
+1.486917712047246e+00
+1.564630980896284e+00
+1.580932836617049e+00
+1.410742740266232e+00
+1.623110575105218e+00
+1.433492953359362e+00
+1.412470348196295e+00
+1.436782837706047e+00
+1.421434883627936e+00
+1.384129902083765e+00
+1.604869212966818e+00
+1.391880500624578e+00
+1.360390708625871e+00
+1.605547027361735e+00
+1.603830092597361e+00
+1.632034557386299e+00
+1.624895190883628e+00
+1.656581731099421e+00
+1.427473633902966e+00
+1.333233516111657e+00
+1.332299800841119e+00
+1.601565062753613e+00
+1.408933607143605e+00
+1.386174932013196e+00
+1.357094550563339e+00
+1.407899053169278e+00
+1.454356063526649e+00
+1.289090581469143e+00
+1.606684868099709e+00
+1.409569661818569e+00
+1.477607874519022e+00
+1.306597121105731e+00
+1.610944050167549e+00
+1.347995973950837e+00
+1.435570666527079e+00
+1.474460115642741e+00
+1.283051344009788e+00
+1.321584454624607e+00
+1.585191971261222e+00
+1.657342180317451e+00
+1.380928680290214e+00
+1.439476002625551e+00
+1.527126185385012e+00
+1.241470970226923e+00
+1.627797072670587e+00
+1.621907037321882e+00
+1.606699917551184e+00
+1.652180989454826e+00
+1.640774809528271e+00
+1.613791745386798e+00
+1.638476123319441e+00
+1.588568635886825e+00
+1.624738746290863e+00
+1.644094820554519e+00
+1.643985498266418e+00
+1.365781801559870e+00
+1.356825363594023e+00
+1.456229493169587e+00
+1.502835851066892e+00
+1.258564319971599e+00
+1.236712619529061e+00
+1.265434545152968e+00
+1.241033742864354e+00
+1.268284675653035e+00
+1.642522207501379e+00
+1.643370049797926e+00
+1.674457267240900e+00
+1.329745171782483e+00
+1.378045448452603e+00
+1.504902212173638e+00
+1.527111959056364e+00
+1.240981437555953e+00
+1.213145801564387e+00
+1.247766887679557e+00
+1.207970116477376e+00
+1.296609782750045e+00
+1.617891179356127e+00
+1.634667181447872e+00
+1.346376542290937e+00
+1.401141765166190e+00
+1.502787018726064e+00
+1.552225791753965e+00
+1.267085778009535e+00
+1.623253451464025e+00
+1.611170664667130e+00
+1.400300062770109e+00
+1.494824066596927e+00
+1.462332781724914e+00
+1.536806556088881e+00
+1.517838908335803e+00
+1.572060498834388e+00
+1.300573092652136e+00
+1.276402717409116e+00
+1.298885430279532e+00
+1.550489287497917e+00
+1.572670781944144e+00
+1.591073212095248e+00
+1.301348369637591e+00
+1.326448857330335e+00
+1.310465488376589e+00
+1.265972314863149e+00
+1.329836866396512e+00
+1.326125643260379e+00
+1.532399401654549e+00
+1.570102848533476e+00
+1.321142653967225e+00
+1.571364408771053e+00
+1.555751524748674e+00
+1.387567270776103e+00
+1.475277737509117e+00
+1.420825021913165e+00
+1.140209131796424e+00
+1.119586553611200e+00
+1.089537817602880e+00
+1.117074117569402e+00
+1.125812033255044e+00
+1.159715556690736e+00
+1.068284902141102e+00
+9.999999999999999e-01
+1.049863005644942e+00
+1.054462162758140e+00
+1.039970327410061e+00
+1.000000000000000e+00
+1.013256904405495e+00
+1.000000000000000e+00
+1.023273913909329e+00
+1.006791764538199e+00
+1.000000000000001e+00
+1.007814939940346e+00
+1.028840596561110e+00
+1.559793501719292e+00
+1.603852137189808e+00
+1.576112695258815e+00
+1.563024901716634e+00
+1.609746068066503e+00
+1.609187708941189e+00
+1.667836191100580e+00
+1.617536867415308e+00
+1.646380746463702e+00
+1.762908979827143e+00
+1.665174589627884e+00
+1.638508950815289e+00
+1.684475180660861e+00
+1.629998673120329e+00
+1.667970999913327e+00
+1.690290626111557e+00
+1.704289000773459e+00
+1.691668354377743e+00
+1.778532742619565e+00
+1.513236997527534e+00
+1.530799334006654e+00
+1.562410995091456e+00
+1.561354881685346e+00
+1.379440803877826e+00
+1.339998806562460e+00
+1.584015290120236e+00
+1.567449838215426e+00
+1.628308971729969e+00
+1.648486210626106e+00
+1.652844236027802e+00
+1.662853937127965e+00
+1.348988303045243e+00
+1.526924359093459e+00
+1.200361307090728e+00
+1.232059383883267e+00
+1.220112951814466e+00
+1.194349196117354e+00
+1.183715780730700e+00
+1.158320162268668e+00
+1.166321925941714e+00
+1.134395532716247e+00
+1.195668532414348e+00
+1.169480616872290e+00
+1.000000000000000e+00
+1.103942701580883e+00
+1.082309626826416e+00
+1.108307324828511e+00
+1.116406605454904e+00
+1.610958259073629e+00
+1.593385901792002e+00
+1.601897018720916e+00
+1.603286043775114e+00
+1.599297557152156e+00
+1.574506499901152e+00
+1.585496828517771e+00
+1.596906882014087e+00
+1.594022826817314e+00
+1.418280867403055e+00
+1.431895290256347e+00
+1.400031567093349e+00
+1.409596659785814e+00
+1.369538473719863e+00
+1.550136409156242e+00
+1.435872206106952e+00
+1.269299450257939e+00
+1.213999554148302e+00
+1.235002143563125e+00
+1.243107969151837e+00
+1.243123412083199e+00
+1.219419519633347e+00
+1.219511698284238e+00
+1.195168564124578e+00
+1.165924103157026e+00
+1.176447974545934e+00
+1.140910608435904e+00
+1.168111763050965e+00
+1.133081872064981e+00
+1.145735048947919e+00
+1.104076077059353e+00
+1.167608574872558e+00
+1.212117482793965e+00
+1.199396472100179e+00
+1.187734142790584e+00
+1.234909266078628e+00
+1.205294893970001e+00
+1.257992582058046e+00
+1.173547457782947e+00
+1.099929624443309e+00
+9.999999999999996e-01
+1.138437522037481e+00
+1.120446650840173e+00
+1.133039455037150e+00
+1.103530542957514e+00
+1.108246322905743e+00
+1.000000000000000e+00
+1.141812477000421e+00
+9.999999999999997e-01
+1.000000000000000e+00
+1.074941964078547e+00
+1.193332861791821e+00
+1.055104539620265e+00
+1.085439254736971e+00
+1.081762741416541e+00
+1.182892305425532e+00
+1.186363399967209e+00
+1.217716478153262e+00
+1.230237783780585e+00
+1.213585402019982e+00
+1.153815045242939e+00
+1.261991960602893e+00
+1.153324953829610e+00
+1.140180711212302e+00
+1.301305427655524e+00
+1.290042404829593e+00
+1.269578742463777e+00
+1.255035693848749e+00
+1.302088000396896e+00
+1.342354377599138e+00
+1.358158775096133e+00
+1.338061049408574e+00
+1.303657853835459e+00
+1.380510736897159e+00
+1.371293927234163e+00
+1.423221363393121e+00
+1.403585243827348e+00
+1.511223749171263e+00
+1.471025287738833e+00
+1.382659804394330e+00
+1.360859031665288e+00
+1.286525709884023e+00
+1.328051451830867e+00
+1.536697928637846e+00
+1.572473204867525e+00
+1.613136078428077e+00
+1.639179944737216e+00
+1.671303416313436e+00
+1.023023685953626e+00
+1.076103382494303e+00
+1.000000000000000e+00
+1.053769358172073e+00
+1.011849156655947e+00
+1.029249092272274e+00
+1.636998681953911e+00
+1.625153103093023e+00
+1.594581764930222e+00
+1.586043178496968e+00
+1.647532249035042e+00
+1.611255989611988e+00
+1.728267776746246e+00
+1.673056093334495e+00
+1.708884710121140e+00
+1.698479842640210e+00
+1.739439452343120e+00
+1.721482901370822e+00
+1.718874362235482e+00
+1.726958706729511e+00
+1.758170137595539e+00
+1.708835214748332e+00
+1.766449351359951e+00
+1.719805338404286e+00
+1.744042903420638e+00
+1.739478311985204e+00
+1.760423589405609e+00
+1.755926332757735e+00
+1.773491465718292e+00
+1.810312924394135e+00
+1.786483706316830e+00
+1.774058409449874e+00
+1.772439027236088e+00
+1.785756972751034e+00
+1.795786485478942e+00
+1.808003819073665e+00
+1.799253104017157e+00
+1.786475975449544e+00
+1.796657418624886e+00
+1.798577647656625e+00
+1.789206787531014e+00
+1.810300584712045e+00
+1.807643774094441e+00
+1.819311354158180e+00
+1.772455760396834e+00
+1.816500502132510e+00
+1.817319610940775e+00
+1.821172110199408e+00
+1.098311298002314e+00
+1.066511050232014e+00
+1.376029129444608e+00
+1.347900820560161e+00
+1.227984840140783e+00
+1.135110788049267e+00
+1.115523630342310e+00
+1.076981429681376e+00
+1.083117165204781e+00
+1.042045455517050e+00
+1.056214836661347e+00
+1.077833636440699e+00
+1.047897248549051e+00
+1.086212188330122e+00
+1.000000000000000e+00
+1.274839887190054e+00
+1.088966507572510e+00
+9.999999999999993e-01
+1.102460762120507e+00
+1.195454674379623e+00
+1.219125967677565e+00
+1.153335806830085e+00
+1.263876115630820e+00
+1.279563976844070e+00
+1.293997527352257e+00
+1.345705155906614e+00
+1.589256993104335e+00
+1.583881363293065e+00
+1.556677184859439e+00
+1.576579204717787e+00
+1.565064413914592e+00
+1.578836714959678e+00
+1.565798635226304e+00
+1.580469650764430e+00
+1.554258393103771e+00
+1.530059603239308e+00
+1.532479165426071e+00
+1.548595268555056e+00
+1.531807658820551e+00
+1.531867982222429e+00
+1.491712090995606e+00
+1.513571335442332e+00
+1.547634672545724e+00
+1.500085791694631e+00
+1.505063194689144e+00
+1.481010483823258e+00
+1.470847396397115e+00
+1.497164373823922e+00
+1.459175387975329e+00
+1.450066841906581e+00
+1.448959410576739e+00
+1.440966718933590e+00
+1.467506906634477e+00
+1.437583346046810e+00
+1.451028446098219e+00
+1.482652463167854e+00
+1.531743169638807e+00
+1.370656077424989e+00
+1.354236187087725e+00
+1.392611249867520e+00
+1.487354881126595e+00
+1.409330408819790e+00
+1.471886656624809e+00
+1.460241846676793e+00
+1.461383031473672e+00
+1.435273258225137e+00
+1.400840684432853e+00
+1.078742957664557e+00
+1.062279311723283e+00
+1.707258585185822e+00
+1.687717187287228e+00
+1.708836436044050e+00
+1.691684632983288e+00
+1.694940870575730e+00
+1.737034677147981e+00
+1.714907576454900e+00
+1.734878605398649e+00
+1.767441995049331e+00
+1.759078222231564e+00
+1.743017780219504e+00
+1.709856446265918e+00
+1.723939880355938e+00
+1.726212722022798e+00
+1.048433074865569e+00
+1.000000000000001e+00
+1.057542053987207e+00
+1.028274681896539e+00
+1.038526112843628e+00
+1.038146346288551e+00
+1.042387722247986e+00
+1.104570610914140e+00
+9.999999999999999e-01
+1.048480382153172e+00
+1.319343989468077e+00
+1.567022869727013e+00
+1.516749348463035e+00
+1.425848897024906e+00
+1.421043458637090e+00
+1.746665134778913e+00
+1.018034803966498e+00
+1.030997881318781e+00
+1.026741692040180e+00
+1.015805497721905e+00
+1.012699165933566e+00
+1.066343030164478e+00
+1.037401483765548e+00
+1.177025121714284e+00
+1.011157902933153e+00
+1.672385086243154e+00
+1.675501435259046e+00
+1.660458193357214e+00
+1.665209337015757e+00
+1.680832299699016e+00
+1.689391883160667e+00
+1.675975711885668e+00
+1.634223306611543e+00
+1.001519842053801e+00
+1.319258384861328e+00
+1.213545545544206e+00
+1.248491585414051e+00
+1.128435292318462e+00
