+1.997492785437630e+00
+1.001586304781391e+00
+1.997492785437481e+00
+1.997492785437503e+00
+1.997492785437618e+00
+1.241387888792459e+00
+1.986192087736613e+00
+1.241387888792530e+00
+1.241387888792529e+00
+1.986192087736706e+00
+1.241387888792458e+00
+1.986192087736619e+00
+1.986192087736512e+00
+1.479963834643433e+00
+1.117732957150004e+00
+1.479963834643397e+00
+1.479963834643484e+00
+1.479963834643475e+00
+1.117732957150038e+00
+1.479963834643431e+00
+1.479963834643403e+00
+1.117732957150004e+00
+1.479963834643348e+00
+1.479963834643343e+00
+1.117732957149967e+00
+1.987613776878657e+00
+1.552245266675243e+00
+1.056496356461635e+00
+1.056496356461599e+00
+1.552245266675132e+00
+1.987613776878572e+00
+1.987613776878708e+00
+1.987613776878699e+00
+1.552245266675240e+00
+1.056496356461635e+00
+1.987613776878650e+00
+1.987613776878592e+00
+1.552245266675147e+00
+1.056496356461599e+00
+1.987613776878532e+00
+1.987613776878517e+00
+1.264667907231127e+00
+1.448320021650256e+00
+1.264667907231148e+00
+1.264667907231190e+00
+1.264667907231185e+00
+1.448320021650323e+00
+1.264667907231134e+00
+1.264667907231145e+00
+1.448320021650261e+00
+1.264667907231082e+00
+1.264667907231083e+00
+1.448320021650187e+00
+1.727683346190936e+00
+1.479860203700571e+00
+1.707733436898577e+00
+1.026205007449692e+00
+1.071646178962103e+00
+1.071646178962121e+00
+1.727683346190835e+00
+1.707733436898513e+00
+1.479860203700496e+00
+1.727683346190959e+00
+1.707733436898623e+00
+1.479860203700594e+00
+1.727683346190948e+00
+1.479860203700591e+00
+1.707733436898623e+00
+1.026205007449711e+00
+1.071646178962139e+00
+1.071646178962141e+00
+1.727683346190924e+00
+1.707733436898573e+00
+1.479860203700563e+00
+1.727683346190853e+00
+1.479860203700507e+00
+1.707733436898532e+00
+1.026205007449692e+00
+1.071646178962122e+00
+1.071646178962106e+00
+1.727683346190823e+00
+1.707733436898470e+00
+1.479860203700482e+00
+1.727683346190809e+00
+1.479860203700472e+00
+1.707733436898459e+00
+1.026205007449674e+00
+1.071646178962085e+00
+1.071646178962086e+00
+1.148621095466048e+00
+1.326851650251567e+00
+1.699299798581545e+00
+1.699299798581567e+00
+1.326851650251621e+00
+1.148621095466084e+00
+1.326851650251643e+00
+1.148621095466101e+00
+1.148621095466101e+00
+1.326851650251644e+00
+1.699299798581639e+00
+1.699299798581633e+00
+1.326851650251569e+00
+1.148621095466049e+00
+1.148621095466084e+00
+1.326851650251619e+00
+1.699299798581566e+00
+1.699299798581554e+00
+1.326851650251540e+00
+1.148621095466031e+00
+1.148621095466032e+00
+1.326851650251545e+00
+1.699299798581469e+00
+1.699299798581469e+00
+1.990213602205920e+00
+1.757436197326851e+00
+1.381296962319625e+00
+1.986570999749083e+00
+1.012002213828505e+00
+1.012002213828486e+00
+1.133164755686395e+00
+1.133164755686449e+00
+1.757436197326719e+00
+1.990213602205793e+00
+1.986570999749041e+00
+1.381296962319535e+00
+1.990213602205937e+00
+1.986570999749159e+00
+1.990213602205928e+00
+1.757436197326839e+00
+1.381296962319623e+00
+1.986570999749156e+00
+1.012002213828504e+00
+1.133164755686450e+00
+1.990213602205906e+00
+1.986570999749084e+00
+1.990213602205817e+00
+1.757436197326738e+00
+1.381296962319541e+00
+1.986570999749057e+00
+1.012002213828486e+00
+1.133164755686395e+00
+1.990213602205785e+00
+1.986570999748970e+00
+1.990213602205768e+00
+1.986570999748963e+00
