+1.000000000000001e+00
+9.999999999999994e-01
+1.000000000000000e+00
+9.999999999999998e-01
+1.000000000000000e+00
+1.000000000000000e+00
+9.999999999999993e-01
+9.999999999999994e-01
+2.517638090205041e+00
+2.517638090205041e+00
+6.474895380255970e-20
+3.661165235168153e-02
+1.016990343102265e-01
+1.830582617584079e-01
+1.016990343102266e-01
+1.830582617584078e-01
+5.084951715511327e-02
+8.535533905932742e-01
+2.603495278341802e-01
+8.535533905932742e-01
+5.084951715511330e-02
+1.725095728414693e-01
+3.632558040727521e-01
+3.632558040727518e-01
+1.121875020794704e-01
+8.535533905932738e-01
+3.975947736422439e-01
+3.975947736422445e-01
+1.612372435695794e+00
+1.310617217526046e+00
