+1.981597326412090e+00
+1.000058114701295e+00
+1.981597326412095e+00
+1.981597326412089e+00
+1.981597326412085e+00
+1.219820930329839e+00
+1.950581904245744e+00
+1.219820930329838e+00
+1.219820930329834e+00
+1.950581904245736e+00
+1.219820930329836e+00
+1.950581904245736e+00
+1.950581904245741e+00
+1.454639393814497e+00
+1.098560807062317e+00
+1.454639393814499e+00
+1.454639393814493e+00
+1.454639393814492e+00
+1.098560807062315e+00
+1.454639393814493e+00
+1.454639393814494e+00
+1.098560807062314e+00
+1.454639393814495e+00
+1.454639393814498e+00
+1.098560807062316e+00
+1.956398645385616e+00
+1.528506656074777e+00
+1.041749793135577e+00
+1.041749793135578e+00
+1.528506656074780e+00
+1.956398645385619e+00
+1.956398645385611e+00
+1.956398645385609e+00
+1.528506656074774e+00
+1.041749793135576e+00
+1.956398645385609e+00
+1.956398645385611e+00
+1.528506656074776e+00
+1.041749793135576e+00
+1.956398645385612e+00
+1.956398645385616e+00
