+1.998755412620305e+00
+1.002298794388164e+00
+1.998755412620527e+00
+1.998755412620371e+00
+1.998755412620145e+00
+1.242209663472194e+00
+1.987442638934295e+00
+1.242209663472081e+00
+1.242209663471996e+00
+1.987442638934011e+00
+1.242209663472116e+00
+1.987442638934069e+00
+1.987442638934336e+00
+1.480910218432115e+00
+1.118491931245313e+00
+1.480910218432174e+00
+1.480910218431971e+00
+1.480910218431930e+00
+1.118491931245208e+00
+1.480910218431963e+00
+1.480910218432016e+00
+1.118491931245228e+00
+1.480910218432150e+00
+1.480910218432187e+00
+1.118491931245323e+00
+1.988865402310199e+00
+1.553236178924794e+00
+1.057231922714238e+00
+1.057231922714296e+00
+1.553236178924960e+00
+1.988865402310320e+00
+1.988865402310038e+00
+1.988865402309962e+00
+1.553236178924667e+00
+1.057231922714196e+00
+1.988865402309986e+00
+1.988865402310113e+00
+1.553236178924844e+00
+1.057231922714254e+00
+1.988865402310253e+00
+1.988865402310336e+00
+1.265496218285693e+00
+1.449247793716859e+00
+1.265496218285660e+00
+1.265496218285518e+00
+1.265496218285539e+00
+1.449247793716663e+00
+1.265496218285570e+00
+1.265496218285544e+00
+1.449247793716701e+00
+1.265496218285701e+00
+1.265496218285682e+00
+1.449247793716880e+00
+1.728776004537353e+00
+1.480808260335005e+00
+1.708812456908881e+00
+1.026927227439228e+00
+1.072387357725551e+00
+1.072387357725521e+00
+1.728776004537498e+00
+1.708812456908969e+00
+1.480808260335118e+00
+1.728776004537274e+00
+1.708812456908728e+00
+1.480808260334932e+00
+1.728776004537173e+00
+1.480808260334855e+00
+1.708812456908668e+00
+1.026927227439176e+00
+1.072387357725468e+00
+1.072387357725447e+00
+1.728776004537188e+00
+1.708812456908695e+00
+1.480808260334869e+00
+1.728776004537336e+00
+1.480808260334986e+00
+1.708812456908788e+00
+1.026927227439187e+00
+1.072387357725459e+00
+1.072387357725487e+00
+1.728776004537407e+00
+1.708812456908924e+00
+1.480808260335051e+00
+1.728776004537507e+00
+1.480808260335126e+00
+1.708812456908985e+00
+1.026927227439234e+00
+1.072387357725535e+00
+1.072387357725555e+00
+1.149395631090416e+00
+1.327715273198759e+00
+1.700373865513396e+00
+1.700373865513364e+00
+1.327715273198671e+00
+1.149395631090359e+00
+1.327715273198540e+00
+1.149395631090264e+00
+1.149395631090306e+00
+1.327715273198596e+00
+1.700373865513152e+00
+1.700373865513128e+00
+1.327715273198641e+00
+1.149395631090332e+00
+1.149395631090277e+00
+1.327715273198560e+00
+1.700373865513174e+00
+1.700373865513207e+00
+1.327715273198766e+00
+1.149395631090420e+00
+1.149395631090379e+00
+1.327715273198707e+00
+1.700373865513402e+00
+1.700373865513424e+00
+1.991468716364872e+00
+1.758548666493951e+00
+1.382192665734966e+00
+1.987821091592626e+00
+1.012718722779965e+00
+1.012718722779993e+00
+1.133934689426245e+00
+1.133934689426161e+00
+1.758548666494145e+00
+1.991468716365052e+00
+1.987821091592686e+00
+1.382192665735107e+00
+1.991468716364792e+00
+1.987821091592398e+00
+1.991468716364674e+00
+1.758548666493808e+00
+1.382192665734863e+00
+1.987821091592362e+00
+1.012718722779943e+00
+1.133934689426096e+00
+1.991468716364685e+00
+1.987821091592404e+00
+1.991468716364865e+00
+1.758548666494011e+00
+1.382192665735011e+00
+1.987821091592467e+00
+1.012718722779972e+00
+1.133934689426183e+00
+1.991468716364938e+00
+1.987821091592673e+00
+1.991468716365060e+00
+1.987821091592714e+00
