+2.017775756343080e+00
+1.017525438917411e+00
+2.017775756343074e+00
+2.017775756343071e+00
+2.017775756343073e+00
+1.264674244621139e+00
+2.014619956003586e+00
+1.264674244621142e+00
+1.264674244621136e+00
+2.014619956003586e+00
+1.264674244621134e+00
+2.014619956003578e+00
+2.014619956003577e+00
+1.504235261154915e+00
+1.139903722396912e+00
+1.504235261154913e+00
+1.504235261154914e+00
+1.504235261154912e+00
+1.139903722396913e+00
+1.504235261154907e+00
+1.504235261154905e+00
+1.139903722396908e+00
+1.504235261154907e+00
+1.504235261154907e+00
+1.139903722396910e+00
+2.014809313591794e+00
+1.576944494076220e+00
+1.077611752185743e+00
+1.077611752185741e+00
+1.576944494076214e+00
+2.014809313591791e+00
+2.014809313591794e+00
+2.014809313591790e+00
+1.576944494076213e+00
+1.077611752185740e+00
+2.014809313591786e+00
+2.014809313591786e+00
+1.576944494076211e+00
+1.077611752185738e+00
+2.014809313591784e+00
+2.014809313591787e+00
+1.287990109335549e+00
+1.472796498227244e+00
+1.287990109335551e+00
+1.287990109335549e+00
+1.287990109335551e+00
+1.472796498227243e+00
+1.287990109335543e+00
+1.287990109335545e+00
+1.472796498227236e+00
+1.287990109335546e+00
+1.287990109335546e+00
+1.472796498227236e+00
+1.752231550959173e+00
+1.504077959621478e+00
+1.733530033336285e+00
+1.046601785389373e+00
+1.093160868672250e+00
+1.093160868672250e+00
+1.752231550959170e+00
+1.733530033336283e+00
+1.504077959621474e+00
+1.752231550959174e+00
+1.733530033336283e+00
+1.504077959621478e+00
+1.752231550959168e+00
+1.504077959621473e+00
+1.733530033336281e+00
+1.046601785389373e+00
+1.093160868672250e+00
+1.093160868672249e+00
+1.752231550959165e+00
+1.733530033336275e+00
+1.504077959621470e+00
+1.752231550959164e+00
+1.504077959621468e+00
+1.733530033336274e+00
+1.046601785389372e+00
+1.093160868672247e+00
+1.093160868672246e+00
+1.752231550959164e+00
+1.733530033336275e+00
+1.504077959621470e+00
+1.752231550959166e+00
+1.504077959621471e+00
+1.733530033336276e+00
+1.046601785389373e+00
+1.093160868672246e+00
+1.093160868672248e+00
+1.171089560305582e+00
+1.350462904084224e+00
+1.725459178935737e+00
+1.725459178935739e+00
+1.350462904084226e+00
+1.171089560305583e+00
+1.350462904084221e+00
+1.171089560305580e+00
+1.171089560305584e+00
+1.350462904084226e+00
+1.725459178935740e+00
+1.725459178935738e+00
+1.350462904084217e+00
+1.171089560305577e+00
+1.171089560305579e+00
+1.350462904084218e+00
+1.725459178935729e+00
+1.725459178935729e+00
+1.350462904084222e+00
+1.171089560305580e+00
+1.171089560305578e+00
+1.350462904084219e+00
+1.725459178935730e+00
+1.725459178935729e+00
+2.015241044623528e+00
+1.780825976850043e+00
+1.405291085225472e+00
+2.014672018019709e+00
+1.031274950950787e+00
+1.031274950950787e+00
+1.155476416333159e+00
+1.155476416333162e+00
+1.780825976850037e+00
+2.015241044623522e+00
+2.014672018019709e+00
+1.405291085225468e+00
+2.015241044623527e+00
+2.014672018019709e+00
+2.015241044623520e+00
+1.780825976850035e+00
+1.405291085225465e+00
+2.014672018019707e+00
+1.031274950950785e+00
+1.155476416333156e+00
+2.015241044623518e+00
+2.014672018019701e+00
+2.015241044623517e+00
+1.780825976850034e+00
+1.405291085225462e+00
+2.014672018019700e+00
+1.031274950950785e+00
+1.155476416333155e+00
+2.015241044623516e+00
+2.014672018019700e+00
+2.015241044623519e+00
+2.014672018019701e+00
+1.371911515514795e+00
+1.280177095779700e+00
+1.371911515514795e+00
+1.371911515514795e+00
+1.371911515514794e+00
+1.280177095779700e+00
+1.371911515514787e+00
+1.371911515514788e+00
+1.280177095779695e+00
+1.371911515514789e+00
+1.371911515514789e+00
+1.280177095779696e+00
+1.607823770031005e+00
+1.733682351093128e+00
+1.621628598768109e+00
+1.085382110068704e+00
+1.065960229027606e+00
+1.065960229027604e+00
+1.607823770031003e+00
+1.621628598768106e+00
+1.733682351093126e+00
+1.607823770031005e+00
+1.621628598768109e+00
+1.733682351093128e+00
+1.607823770031002e+00
+1.733682351093125e+00
+1.621628598768104e+00
+1.085382110068703e+00
+1.065960229027605e+00
+1.065960229027606e+00
+1.607823770030996e+00
+1.621628598768100e+00
+1.733682351093120e+00
+1.607823770030996e+00
+1.733682351093120e+00
+1.621628598768099e+00
+1.085382110068700e+00
+1.065960229027603e+00
+1.065960229027605e+00
+1.607823770030995e+00
+1.621628598768099e+00
+1.733682351093119e+00
+1.607823770030997e+00
+1.733682351093121e+00
+1.621628598768102e+00
+1.085382110068702e+00
+1.065960229027604e+00
+1.065960229027604e+00
+1.252262652491964e+00
+1.311420817778613e+00
+1.221046567869742e+00
+1.717614013207589e+00
+1.590639808553833e+00
+1.590639808553832e+00
+1.252262652491967e+00
+1.221046567869744e+00
+1.311420817778614e+00
+1.252262652491964e+00
+1.221046567869742e+00
+1.311420817778611e+00
+1.252262652491966e+00
+1.311420817778613e+00
+1.221046567869744e+00
+1.717614013207588e+00
+1.590639808553832e+00
+1.590639808553832e+00
+1.252262652491960e+00
+1.221046567869738e+00
+1.311420817778607e+00
+1.252262652491961e+00
+1.311420817778607e+00
+1.221046567869739e+00
+1.717614013207579e+00
+1.590639808553824e+00
+1.590639808553824e+00
+1.252262652491962e+00
+1.221046567869740e+00
+1.311420817778608e+00
+1.252262652491960e+00
+1.311420817778606e+00
+1.221046567869739e+00
+1.717614013207580e+00
+1.590639808553825e+00
+1.590639808553824e+00
+1.886105803761851e+00
+1.757041635571757e+00
+1.878523157820096e+00
+1.368726209261511e+00
+1.423352931670546e+00
+1.446187895811619e+00
+1.862127950082859e+00
+1.864203974993504e+00
+1.719978525304563e+00
+1.023688013105539e+00
+1.035065129116630e+00
+1.035065129116630e+00
+1.159380503245173e+00
+1.128205102141233e+00
+1.116514132200404e+00
+1.159380503245174e+00
+1.116514132200405e+00
+1.128205102141235e+00
+1.886105803761846e+00
+1.878523157820093e+00
+1.757041635571754e+00
+1.862127950082858e+00
+1.719978525304561e+00
+1.864203974993502e+00
+1.368726209261508e+00
+1.446187895811615e+00
+1.423352931670545e+00
+1.886105803761851e+00
+1.878523157820096e+00
+1.757041635571757e+00
+1.862127950082858e+00
+1.719978525304562e+00
+1.864203974993503e+00
+1.368726209261512e+00
+1.446187895811619e+00
+1.423352931670547e+00
+1.886105803761844e+00
+1.757041635571751e+00
+1.878523157820091e+00
+1.368726209261505e+00
+1.423352931670542e+00
+1.446187895811612e+00
+1.862127950082857e+00
+1.864203974993501e+00
+1.719978525304561e+00
+1.023688013105540e+00
+1.035065129116630e+00
+1.035065129116629e+00
+1.159380503245174e+00
+1.128205102141234e+00
+1.116514132200405e+00
+1.159380503245171e+00
+1.116514132200403e+00
+1.128205102141232e+00
+1.886105803761841e+00
+1.878523157820088e+00
+1.757041635571750e+00
+1.862127950082850e+00
+1.719978525304554e+00
+1.864203974993494e+00
+1.368726209261504e+00
+1.446187895811611e+00
+1.423352931670539e+00
+1.886105803761841e+00
+1.757041635571747e+00
+1.878523157820087e+00
+1.368726209261503e+00
+1.423352931670538e+00
+1.446187895811610e+00
+1.862127950082848e+00
+1.864203974993492e+00
+1.719978525304552e+00
+1.023688013105539e+00
+1.035065129116628e+00
+1.035065129116627e+00
+1.159380503245169e+00
+1.128205102141230e+00
+1.116514132200401e+00
+1.159380503245169e+00
+1.116514132200400e+00
+1.128205102141229e+00
+1.886105803761841e+00
+1.878523157820085e+00
+1.757041635571748e+00
+1.862127950082849e+00
+1.719978525304553e+00
+1.864203974993494e+00
+1.368726209261502e+00
+1.446187895811610e+00
+1.423352931670539e+00
+1.886105803761843e+00
+1.757041635571751e+00
+1.878523157820089e+00
+1.368726209261506e+00
+1.423352931670540e+00
+1.446187895811613e+00
+1.862127950082849e+00
+1.864203974993494e+00
+1.719978525304553e+00
+1.023688013105539e+00
+1.035065129116628e+00
+1.035065129116629e+00
+1.159380503245169e+00
+1.128205102141230e+00
+1.116514132200399e+00
+1.159380503245172e+00
+1.116514132200402e+00
+1.128205102141231e+00
+1.480641860104164e+00
+1.387565692739118e+00
+1.205438926701050e+00
+1.205438926701049e+00
+1.387565692739116e+00
+1.480641860104164e+00
+1.387565692739117e+00
+1.480641860104164e+00
+1.480641860104163e+00
+1.387565692739116e+00
+1.205438926701049e+00
+1.205438926701049e+00
+1.387565692739110e+00
+1.480641860104156e+00
+1.480641860104157e+00
+1.387565692739111e+00
+1.205438926701043e+00
+1.205438926701044e+00
+1.387565692739112e+00
+1.480641860104157e+00
+1.480641860104157e+00
+1.387565692739112e+00
+1.205438926701045e+00
+1.205438926701044e+00
+1.494944778999141e+00
+1.612378064664602e+00
+1.867695280091591e+00
+1.872498121498462e+00
+1.653699609818081e+00
+1.531487292558369e+00
+1.112625624810762e+00
+1.112625624810762e+00
+1.081495750030112e+00
+1.054339539410971e+00
+1.054339539410971e+00
+1.081495750030112e+00
+1.612378064664602e+00
+1.494944778999139e+00
+1.531487292558366e+00
+1.653699609818077e+00
+1.872498121498459e+00
+1.867695280091588e+00
+1.612378064664602e+00
+1.494944778999141e+00
+1.531487292558370e+00
+1.653699609818081e+00
+1.872498121498463e+00
+1.867695280091590e+00
+1.494944778999137e+00
+1.612378064664600e+00
+1.867695280091588e+00
+1.872498121498457e+00
+1.653699609818075e+00
+1.531487292558364e+00
+1.112625624810762e+00
+1.112625624810760e+00
+1.081495750030110e+00
+1.054339539410970e+00
+1.054339539410972e+00
+1.081495750030112e+00
+1.612378064664592e+00
+1.494944778999133e+00
+1.531487292558362e+00
+1.653699609818074e+00
+1.872498121498453e+00
+1.867695280091581e+00
+1.494944778999132e+00
+1.612378064664594e+00
+1.867695280091581e+00
+1.872498121498452e+00
+1.653699609818072e+00
+1.531487292558361e+00
+1.112625624810758e+00
+1.112625624810760e+00
+1.081495750030109e+00
+1.054339539410968e+00
+1.054339539410969e+00
+1.081495750030110e+00
+1.612378064664594e+00
+1.494944778999132e+00
+1.531487292558360e+00
+1.653699609818072e+00
+1.872498121498453e+00
+1.867695280091581e+00
+1.494944778999134e+00
+1.612378064664594e+00
+1.867695280091583e+00
+1.872498121498454e+00
+1.653699609818075e+00
+1.531487292558363e+00
+1.112625624810760e+00
+1.112625624810759e+00
+1.081495750030111e+00
+1.054339539410970e+00
+1.054339539410968e+00
+1.081495750030108e+00
+1.210084930792866e+00
+1.299091825421769e+00
+1.418817999339509e+00
+1.147698955669601e+00
+1.861546680465950e+00
+1.861546680465950e+00
+1.606300049239236e+00
+1.606300049239235e+00
+1.299091825421771e+00
+1.210084930792869e+00
+1.147698955669602e+00
+1.418817999339510e+00
+1.299091825421766e+00
+1.210084930792863e+00
+1.147698955669599e+00
+1.418817999339506e+00
+1.210084930792868e+00
+1.299091825421771e+00
+1.418817999339511e+00
+1.147698955669601e+00
+1.861546680465951e+00
+1.861546680465950e+00
+1.606300049239234e+00
+1.606300049239235e+00
+1.299091825421763e+00
+1.210084930792861e+00
+1.147698955669596e+00
+1.418817999339502e+00
+1.210084930792862e+00
+1.299091825421764e+00
+1.418817999339502e+00
+1.147698955669597e+00
+1.861546680465942e+00
+1.861546680465942e+00
+1.606300049239228e+00
+1.606300049239227e+00
+1.299091825421767e+00
+1.210084930792864e+00
+1.147698955669597e+00
+1.418817999339504e+00
+1.210084930792861e+00
+1.299091825421763e+00
+1.418817999339502e+00
+1.147698955669596e+00
+1.861546680465941e+00
+1.861546680465941e+00
+1.606300049239228e+00
+1.606300049239228e+00
+2.015850955377657e+00
+1.895013368633582e+00
+1.675037761754260e+00
+2.014996508623009e+00
+1.331086414907807e+00
+1.487271351199324e+00
+2.014642233273612e+00
+2.014720992126027e+00
+1.020132962717786e+00
+1.020132962717787e+00
+1.050480546254179e+00
+1.050480546254180e+00
+1.206169393728118e+00
+1.112618313893609e+00
+1.206169393728122e+00
+1.112618313893610e+00
+1.895013368633576e+00
+2.015850955377653e+00
+2.014996508623004e+00
+1.675037761754255e+00
+2.014642233273611e+00
+2.014720992126025e+00
+1.331086414907803e+00
+1.487271351199317e+00
+2.015850955377657e+00
+2.014996508623009e+00
+2.014642233273614e+00
+2.014720992126027e+00
+2.015850955377650e+00
+1.895013368633573e+00
+1.675037761754253e+00
+2.014996508623004e+00
+1.331086414907800e+00
+1.487271351199314e+00
+2.014642233273611e+00
+2.014720992126024e+00
+1.020132962717786e+00
+1.050480546254178e+00
+1.206169393728117e+00
+1.112618313893607e+00
+2.015850955377648e+00
+2.014996508623001e+00
+2.014642233273604e+00
+2.014720992126018e+00
+2.015850955377648e+00
+1.895013368633572e+00
+1.675037761754252e+00
+2.014996508623001e+00
+1.331086414907797e+00
+1.487271351199313e+00
+2.014642233273605e+00
+2.014720992126017e+00
+1.020132962717785e+00
+1.050480546254177e+00
+1.206169393728115e+00
+1.112618313893605e+00
+2.015850955377648e+00
+2.014996508622999e+00
+2.014642233273605e+00
+2.014720992126018e+00
+2.015850955377651e+00
+2.014996508623001e+00
+2.014642233273603e+00
+2.014720992126019e+00
