+2.004656949978176e+00
+1.004520401443977e+00
+2.004656949978178e+00
+2.004656949978172e+00
+2.004656949978173e+00
+1.253659196794988e+00
+2.003650571578869e+00
+1.253659196794987e+00
+1.253659196794980e+00
+2.003650571578857e+00
+1.253659196794979e+00
+2.003650571578854e+00
+2.003650571578864e+00
+1.493028174698646e+00
+1.128722349313437e+00
+1.493028174698648e+00
+1.493028174698640e+00
+1.493028174698635e+00
+1.128722349313432e+00
+1.493028174698639e+00
+1.493028174698634e+00
+1.128722349313430e+00
+1.493028174698639e+00
+1.493028174698643e+00
+1.128722349313434e+00
+2.003698035634627e+00
+1.566068510830799e+00
+1.066272862120977e+00
+1.066272862120978e+00
+1.566068510830804e+00
+2.003698035634623e+00
+2.003698035634614e+00
+2.003698035634618e+00
+1.566068510830794e+00
+1.066272862120973e+00
+2.003698035634619e+00
+2.003698035634613e+00
+1.566068510830792e+00
+1.066272862120974e+00
+2.003698035634617e+00
+2.003698035634623e+00
+1.276899188679089e+00
+1.461715113982095e+00
+1.276899188679087e+00
+1.276899188679079e+00
+1.276899188679083e+00
+1.461715113982088e+00
+1.276899188679077e+00
+1.276899188679080e+00
+1.461715113982087e+00
+1.276899188679086e+00
+1.276899188679083e+00
+1.461715113982091e+00
+1.740877530510757e+00
+1.492972326344519e+00
+1.722455027703147e+00
+1.035085352051381e+00
+1.081880116717147e+00
+1.081880116717149e+00
+1.740877530510755e+00
+1.722455027703147e+00
+1.492972326344520e+00
+1.740877530510748e+00
+1.722455027703138e+00
+1.492972326344514e+00
+1.740877530510748e+00
+1.492972326344510e+00
+1.722455027703137e+00
+1.035085352051377e+00
+1.081880116717144e+00
+1.081880116717142e+00
+1.740877530510752e+00
+1.722455027703138e+00
+1.492972326344513e+00
+1.740877530510747e+00
+1.492972326344509e+00
+1.722455027703135e+00
+1.035085352051377e+00
+1.081880116717141e+00
+1.081880116717141e+00
+1.740877530510747e+00
+1.722455027703139e+00
+1.492972326344512e+00
+1.740877530510755e+00
+1.492972326344521e+00
+1.722455027703145e+00
+1.035085352051379e+00
+1.081880116717143e+00
+1.081880116717147e+00
+1.159955656044136e+00
+1.339391846712989e+00
+1.714394971522414e+00
+1.714394971522414e+00
+1.339391846712989e+00
+1.159955656044133e+00
+1.339391846712978e+00
+1.159955656044126e+00
+1.159955656044130e+00
+1.339391846712984e+00
+1.714394971522407e+00
+1.714394971522405e+00
+1.339391846712978e+00
+1.159955656044124e+00
+1.159955656044127e+00
+1.339391846712982e+00
+1.714394971522402e+00
+1.714394971522401e+00
+1.339391846712989e+00
+1.159955656044132e+00
+1.159955656044128e+00
+1.339391846712980e+00
+1.714394971522410e+00
+1.714394971522412e+00
+2.003802447172752e+00
+1.769383105086285e+00
+1.394288088691696e+00
+2.003663053156223e+00
+1.019529005765902e+00
+1.019529005765902e+00
+1.144333431076246e+00
+1.144333431076245e+00
+1.769383105086286e+00
+2.003802447172751e+00
+2.003663053156223e+00
+1.394288088691701e+00
+2.003802447172742e+00
+2.003663053156211e+00
+2.003802447172746e+00
+1.769383105086280e+00
+1.394288088691691e+00
+2.003663053156213e+00
+1.019529005765901e+00
+1.144333431076239e+00
+2.003802447172746e+00
+2.003663053156209e+00
+2.003802447172740e+00
+1.769383105086278e+00
+1.394288088691689e+00
+2.003663053156206e+00
+1.019529005765900e+00
+1.144333431076239e+00
+2.003802447172741e+00
+2.003663053156215e+00
+2.003802447172749e+00
+2.003663053156219e+00
+1.360824883161272e+00
+1.269086671216290e+00
+1.360824883161273e+00
+1.360824883161267e+00
+1.360824883161264e+00
+1.269086671216282e+00
+1.360824883161263e+00
+1.360824883161263e+00
+1.269086671216281e+00
+1.360824883161267e+00
+1.360824883161269e+00
+1.269086671216287e+00
+1.596689394233712e+00
+1.722497141412771e+00
+1.610437072683417e+00
+1.074076531586574e+00
+1.054572634552356e+00
+1.054572634552358e+00
+1.596689394233714e+00
+1.610437072683416e+00
+1.722497141412767e+00
+1.596689394233705e+00
+1.610437072683409e+00
+1.722497141412761e+00
+1.596689394233704e+00
+1.722497141412760e+00
+1.610437072683408e+00
+1.074076531586571e+00
+1.054572634552355e+00
+1.054572634552355e+00
+1.596689394233705e+00
+1.610437072683410e+00
+1.722497141412762e+00
+1.596689394233701e+00
+1.722497141412759e+00
+1.610437072683406e+00
+1.074076531586567e+00
+1.054572634552353e+00
+1.054572634552354e+00
+1.596689394233704e+00
+1.610437072683406e+00
+1.722497141412761e+00
+1.596689394233711e+00
+1.722497141412767e+00
+1.610437072683415e+00
+1.074076531586571e+00
+1.054572634552357e+00
+1.054572634552356e+00
+1.241183335191157e+00
+1.300334900457868e+00
+1.209942129577500e+00
+1.706570957089781e+00
+1.579569576505268e+00
+1.579569576505268e+00
+1.241183335191155e+00
+1.209942129577500e+00
+1.300334900457866e+00
+1.241183335191147e+00
+1.209942129577490e+00
+1.300334900457857e+00
+1.241183335191152e+00
+1.300334900457864e+00
+1.209942129577496e+00
+1.706570957089773e+00
+1.579569576505261e+00
+1.579569576505261e+00
+1.241183335191145e+00
+1.209942129577489e+00
+1.300334900457855e+00
+1.241183335191149e+00
+1.300334900457859e+00
+1.209942129577494e+00
+1.706570957089769e+00
+1.579569576505257e+00
+1.579569576505258e+00
+1.241183335191156e+00
+1.209942129577497e+00
+1.300334900457866e+00
+1.241183335191150e+00
+1.300334900457860e+00
+1.209942129577494e+00
+1.706570957089778e+00
+1.579569576505264e+00
+1.579569576505263e+00
+1.874407716347374e+00
+1.745634362892983e+00
+1.867143081489517e+00
+1.357686629576783e+00
+1.412272912407100e+00
+1.435142596796120e+00
+1.851106088965388e+00
+1.853141060469791e+00
+1.708910203728636e+00
+1.011782616557642e+00
+1.023411819155215e+00
+1.023411819155215e+00
+1.148239108504951e+00
+1.117008125122927e+00
+1.105295959656920e+00
+1.148239108504951e+00
+1.105295959656918e+00
+1.117008125122926e+00
+1.874407716347373e+00
+1.867143081489514e+00
+1.745634362892981e+00
+1.851106088965389e+00
+1.708910203728636e+00
+1.853141060469789e+00
+1.357686629576787e+00
+1.435142596796123e+00
+1.412272912407102e+00
+1.874407716347368e+00
+1.867143081489507e+00
+1.745634362892975e+00
+1.851106088965381e+00
+1.708910203728628e+00
+1.853141060469782e+00
+1.357686629576782e+00
+1.435142596796119e+00
+1.412272912407095e+00
+1.874407716347370e+00
+1.745634362892976e+00
+1.867143081489509e+00
+1.357686629576775e+00
+1.412272912407090e+00
+1.435142596796113e+00
+1.851106088965378e+00
+1.853141060469780e+00
+1.708910203728626e+00
+1.011782616557644e+00
+1.023411819155212e+00
+1.023411819155213e+00
+1.148239108504950e+00
+1.117008125122922e+00
+1.105295959656916e+00
+1.148239108504943e+00
+1.105295959656912e+00
+1.117008125122920e+00
+1.874407716347368e+00
+1.867143081489512e+00
+1.745634362892976e+00
+1.851106088965375e+00
+1.708910203728625e+00
+1.853141060469777e+00
+1.357686629576778e+00
+1.435142596796115e+00
+1.412272912407094e+00
+1.874407716347365e+00
+1.745634362892974e+00
+1.867143081489508e+00
+1.357686629576776e+00
+1.412272912407089e+00
+1.435142596796110e+00
+1.851106088965374e+00
+1.853141060469775e+00
+1.708910203728623e+00
+1.011782616557641e+00
+1.023411819155213e+00
+1.023411819155211e+00
+1.148239108504944e+00
+1.117008125122919e+00
+1.105295959656913e+00
+1.148239108504942e+00
+1.105295959656912e+00
+1.117008125122918e+00
+1.874407716347366e+00
+1.867143081489508e+00
+1.745634362892974e+00
+1.851106088965383e+00
+1.708910203728630e+00
+1.853141060469782e+00
+1.357686629576777e+00
+1.435142596796113e+00
+1.412272912407093e+00
+1.874407716347375e+00
+1.745634362892985e+00
+1.867143081489516e+00
+1.357686629576786e+00
+1.412272912407101e+00
+1.435142596796122e+00
+1.851106088965386e+00
+1.853141060469788e+00
+1.708910203728633e+00
+1.011782616557642e+00
+1.023411819155214e+00
+1.023411819155215e+00
+1.148239108504945e+00
+1.117008125122921e+00
+1.105295959656915e+00
+1.148239108504950e+00
+1.105295959656919e+00
+1.117008125122925e+00
+1.469535878206784e+00
+1.376457028245234e+00
+1.194321658746772e+00
+1.194321658746772e+00
+1.376457028245235e+00
+1.469535878206785e+00
+1.376457028245228e+00
+1.469535878206780e+00
+1.469535878206778e+00
+1.376457028245224e+00
+1.194321658746764e+00
+1.194321658746767e+00
+1.376457028245227e+00
+1.469535878206776e+00
+1.469535878206775e+00
+1.376457028245223e+00
+1.194321658746763e+00
+1.194321658746763e+00
+1.376457028245227e+00
+1.469535878206780e+00
+1.469535878206781e+00
+1.376457028245232e+00
+1.194321658746771e+00
+1.194321658746768e+00
+1.483825122940148e+00
+1.601259975947235e+00
+1.856607041416041e+00
+1.861248256614584e+00
+1.642479114080056e+00
+1.520417788259697e+00
+1.101394989780743e+00
+1.101394989780742e+00
+1.070174149750549e+00
+1.042877492375504e+00
+1.042877492375503e+00
+1.070174149750551e+00
+1.601259975947236e+00
+1.483825122940149e+00
+1.520417788259699e+00
+1.642479114080055e+00
+1.861248256614581e+00
+1.856607041416039e+00
+1.601259975947226e+00
+1.483825122940142e+00
+1.520417788259695e+00
+1.642479114080050e+00
+1.861248256614573e+00
+1.856607041416031e+00
+1.483825122940140e+00
+1.601259975947224e+00
+1.856607041416031e+00
+1.861248256614573e+00
+1.642479114080046e+00
+1.520417788259690e+00
+1.101394989780739e+00
+1.101394989780738e+00
+1.070174149750546e+00
+1.042877492375502e+00
+1.042877492375505e+00
+1.070174149750550e+00
+1.601259975947225e+00
+1.483825122940141e+00
+1.520417788259693e+00
+1.642479114080049e+00
+1.861248256614575e+00
+1.856607041416032e+00
+1.483825122940136e+00
+1.601259975947221e+00
+1.856607041416029e+00
+1.861248256614571e+00
+1.642479114080045e+00
+1.520417788259687e+00
+1.101394989780737e+00
+1.101394989780737e+00
+1.070174149750545e+00
+1.042877492375500e+00
+1.042877492375500e+00
+1.070174149750547e+00
+1.601259975947226e+00
+1.483825122940141e+00
+1.520417788259689e+00
+1.642479114080045e+00
+1.861248256614572e+00
+1.856607041416031e+00
+1.483825122940147e+00
+1.601259975947232e+00
+1.856607041416038e+00
+1.861248256614580e+00
+1.642479114080055e+00
+1.520417788259700e+00
+1.101394989780741e+00
+1.101394989780742e+00
+1.070174149750551e+00
+1.042877492375504e+00
+1.042877492375504e+00
+1.070174149750547e+00
+1.199001043133791e+00
+1.288046674075022e+00
+1.407707522944472e+00
+1.136530310377364e+00
+1.850536538835165e+00
+1.850536538835165e+00
+1.595203225364513e+00
+1.595203225364514e+00
+1.288046674075019e+00
+1.199001043133789e+00
+1.136530310377363e+00
+1.407707522944471e+00
+1.288046674075010e+00
+1.199001043133781e+00
+1.136530310377357e+00
+1.407707522944461e+00
+1.199001043133788e+00
+1.288046674075018e+00
+1.407707522944465e+00
+1.136530310377359e+00
+1.850536538835156e+00
+1.850536538835156e+00
+1.595203225364505e+00
+1.595203225364507e+00
+1.288046674075011e+00
+1.199001043133782e+00
+1.136530310377356e+00
+1.407707522944459e+00
+1.199001043133783e+00
+1.288046674075013e+00
+1.407707522944464e+00
+1.136530310377357e+00
+1.850536538835152e+00
+1.850536538835152e+00
+1.595203225364500e+00
+1.595203225364503e+00
+1.288046674075021e+00
+1.199001043133789e+00
+1.136530310377364e+00
+1.407707522944469e+00
+1.199001043133783e+00
+1.288046674075012e+00
+1.407707522944464e+00
+1.136530310377361e+00
+1.850536538835163e+00
+1.850536538835163e+00
+1.595203225364509e+00
+1.595203225364507e+00
+2.003951252756438e+00
+1.882908995030357e+00
+1.663866772033712e+00
+2.003742247621312e+00
+1.320072280566351e+00
+1.476304967866071e+00
+2.003656055791606e+00
+2.003674795700671e+00
+1.007954610098021e+00
+1.007954610098021e+00
+1.038981233572792e+00
+1.038981233572792e+00
+1.195092543382655e+00
+1.101392126498121e+00
+1.195092543382651e+00
+1.101392126498119e+00
+1.882908995030360e+00
+2.003951252756434e+00
+2.003742247621308e+00
+1.663866772033716e+00
+2.003656055791608e+00
+2.003674795700669e+00
+1.320072280566357e+00
+1.476304967866075e+00
+2.003951252756432e+00
+2.003742247621302e+00
+2.003656055791598e+00
+2.003674795700658e+00
+2.003951252756432e+00
+1.882908995030353e+00
+1.663866772033709e+00
+2.003742247621305e+00
+1.320072280566345e+00
+1.476304967866065e+00
+2.003656055791597e+00
+2.003674795700659e+00
+1.007954610098020e+00
+1.038981233572791e+00
+1.195092543382646e+00
+1.101392126498115e+00
+2.003951252756432e+00
+2.003742247621306e+00
+2.003656055791593e+00
+2.003674795700657e+00
+2.003951252756423e+00
+1.882908995030352e+00
+1.663866772033705e+00
+2.003742247621300e+00
+1.320072280566344e+00
+1.476304967866063e+00
+2.003656055791590e+00
+2.003674795700655e+00
+1.007954610098022e+00
+1.038981233572790e+00
+1.195092543382645e+00
+1.101392126498115e+00
+2.003951252756426e+00
+2.003742247621300e+00
+2.003656055791603e+00
+2.003674795700661e+00
+2.003951252756436e+00
+2.003742247621309e+00
+2.003656055791605e+00
+2.003674795700666e+00
+1.312834134424310e+00
+1.358870752899812e+00
+1.312834134424311e+00
+1.312834134424304e+00
+1.312834134424305e+00
+1.358870752899806e+00
+1.312834134424302e+00
+1.312834134424302e+00
+1.358870752899805e+00
+1.312834134424305e+00
+1.312834134424306e+00
+1.358870752899807e+00
+1.663712667139819e+00
+1.601274227992348e+00
+1.657975187328188e+00
+1.052622974554013e+00
+1.063348019029413e+00
+1.063348019029413e+00
+1.663712667139818e+00
+1.657975187328186e+00
+1.601274227992347e+00
+1.663712667139810e+00
+1.657975187328180e+00
+1.601274227992339e+00
+1.663712667139811e+00
+1.601274227992338e+00
+1.657975187328179e+00
+1.052622974554010e+00
+1.063348019029409e+00
+1.063348019029409e+00
+1.663712667139813e+00
+1.657975187328179e+00
+1.601274227992341e+00
+1.663712667139808e+00
+1.601274227992337e+00
+1.657975187328177e+00
+1.052622974554009e+00
+1.063348019029407e+00
+1.063348019029407e+00
+1.663712667139809e+00
+1.657975187328180e+00
+1.601274227992338e+00
+1.663712667139817e+00
+1.601274227992344e+00
+1.657975187328187e+00
+1.052622974554013e+00
+1.063348019029410e+00
+1.063348019029412e+00
+1.253015938419739e+00
+1.223610092501932e+00
+1.268637836406313e+00
+1.577614973551853e+00
+1.640949708634541e+00
+1.640949708634541e+00
+1.253015938419740e+00
+1.268637836406312e+00
+1.223610092501928e+00
+1.253015938419730e+00
+1.268637836406304e+00
+1.223610092501920e+00
+1.253015938419736e+00
+1.223610092501926e+00
+1.268637836406309e+00
+1.577614973551847e+00
+1.640949708634533e+00
+1.640949708634533e+00
+1.253015938419729e+00
+1.268637836406301e+00
+1.223610092501919e+00
+1.253015938419733e+00
+1.223610092501924e+00
+1.268637836406306e+00
+1.577614973551844e+00
+1.640949708634531e+00
+1.640949708634529e+00
+1.253015938419738e+00
+1.268637836406310e+00
+1.223610092501929e+00
+1.253015938419733e+00
+1.223610092501924e+00
+1.268637836406307e+00
+1.577614973551849e+00
+1.640949708634538e+00
+1.640949708634536e+00
+1.803332253571126e+00
+1.868389092155226e+00
+1.808721047657838e+00
+1.421420596104688e+00
+1.395437609412612e+00
+1.382858741762262e+00
+1.779043262674925e+00
+1.777526221588418e+00
+1.849742612133020e+00
+1.021468401852828e+00
+1.016617737007941e+00
+1.016617737007941e+00
+1.110175910581964e+00
+1.125790049989193e+00
+1.130671035768043e+00
+1.110175910581964e+00
+1.130671035768042e+00
+1.125790049989193e+00
+1.803332253571124e+00
+1.808721047657836e+00
+1.868389092155224e+00
+1.779043262674926e+00
+1.849742612133020e+00
+1.777526221588417e+00
+1.421420596104690e+00
+1.382858741762264e+00
+1.395437609412616e+00
+1.803332253571118e+00
+1.808721047657831e+00
+1.868389092155218e+00
+1.779043262674916e+00
+1.849742612133012e+00
+1.777526221588408e+00
+1.421420596104685e+00
+1.382858741762258e+00
+1.395437609412611e+00
+1.803332253571118e+00
+1.868389092155220e+00
+1.808721047657832e+00
+1.421420596104679e+00
+1.395437609412604e+00
+1.382858741762254e+00
+1.779043262674915e+00
+1.777526221588405e+00
+1.849742612133010e+00
+1.021468401852825e+00
+1.016617737007940e+00
+1.016617737007940e+00
+1.110175910581962e+00
+1.125790049989190e+00
+1.130671035768040e+00
+1.110175910581959e+00
+1.130671035768034e+00
+1.125790049989186e+00
+1.803332253571119e+00
+1.808721047657831e+00
+1.868389092155220e+00
+1.779043262674912e+00
+1.849742612133008e+00
+1.777526221588403e+00
+1.421420596104682e+00
+1.382858741762255e+00
+1.395437609412605e+00
+1.803332253571116e+00
+1.868389092155215e+00
+1.808721047657829e+00
+1.421420596104676e+00
+1.395437609412602e+00
+1.382858741762252e+00
+1.779043262674910e+00
+1.777526221588402e+00
+1.849742612133007e+00
+1.021468401852825e+00
+1.016617737007939e+00
+1.016617737007937e+00
+1.110175910581957e+00
+1.125790049989188e+00
+1.130671035768037e+00
+1.110175910581958e+00
+1.130671035768034e+00
+1.125790049989186e+00
+1.803332253571118e+00
+1.808721047657830e+00
+1.868389092155218e+00
+1.779043262674916e+00
+1.849742612133013e+00
+1.777526221588410e+00
+1.421420596104679e+00
+1.382858741762255e+00
+1.395437609412606e+00
+1.803332253571126e+00
+1.868389092155226e+00
+1.808721047657837e+00
+1.421420596104690e+00
+1.395437609412615e+00
+1.382858741762264e+00
+1.779043262674922e+00
+1.777526221588414e+00
+1.849742612133018e+00
+1.021468401852828e+00
+1.016617737007941e+00
+1.016617737007942e+00
+1.110175910581960e+00
+1.125790049989188e+00
+1.130671035768037e+00
+1.110175910581964e+00
+1.130671035768041e+00
+1.125790049989192e+00
+1.420878560854603e+00
+1.366687199325739e+00
+1.413058989236318e+00
+1.192369100611616e+00
+1.229582482780787e+00
+1.229582482780787e+00
+1.420878560854604e+00
+1.413058989236318e+00
+1.366687199325739e+00
+1.420878560854597e+00
+1.413058989236312e+00
+1.366687199325733e+00
+1.420878560854595e+00
+1.366687199325730e+00
+1.413058989236311e+00
+1.192369100611611e+00
+1.229582482780782e+00
+1.229582482780780e+00
+1.420878560854595e+00
+1.413058989236311e+00
+1.366687199325732e+00
+1.420878560854594e+00
+1.366687199325730e+00
+1.413058989236308e+00
+1.192369100611610e+00
+1.229582482780780e+00
+1.229582482780780e+00
+1.420878560854596e+00
+1.413058989236312e+00
+1.366687199325733e+00
+1.420878560854600e+00
+1.366687199325735e+00
+1.413058989236315e+00
+1.192369100611615e+00
+1.229582482780782e+00
+1.229582482780784e+00
+1.539786925870033e+00
+1.596684521744128e+00
+1.538639763780523e+00
+1.856636713441986e+00
+1.790253896974408e+00
+1.786795377784845e+00
+1.579825518669870e+00
+1.562670130560818e+00
+1.624171895466788e+00
+1.099443494303190e+00
+1.086758739631984e+00
+1.086758739631984e+00
+1.055547368223073e+00
+1.047749518858074e+00
+1.060422388017952e+00
+1.055547368223074e+00
+1.060422388017952e+00
+1.047749518858074e+00
+1.539786925870032e+00
+1.538639763780523e+00
+1.596684521744127e+00
+1.579825518669872e+00
+1.624171895466787e+00
+1.562670130560819e+00
+1.856636713441982e+00
+1.786795377784844e+00
+1.790253896974405e+00
+1.539786925870024e+00
+1.538639763780514e+00
+1.596684521744120e+00
+1.579825518669866e+00
+1.624171895466783e+00
+1.562670130560815e+00
+1.856636713441975e+00
+1.786795377784836e+00
+1.790253896974398e+00
+1.539786925870021e+00
+1.596684521744118e+00
+1.538639763780513e+00
+1.856636713441974e+00
+1.790253896974398e+00
+1.786795377784836e+00
+1.579825518669864e+00
+1.562670130560813e+00
+1.624171895466781e+00
+1.099443494303187e+00
+1.086758739631978e+00
+1.086758739631981e+00
+1.055547368223071e+00
+1.047749518858072e+00
+1.060422388017947e+00
+1.055547368223071e+00
+1.060422388017951e+00
+1.047749518858071e+00
+1.539786925870023e+00
+1.538639763780516e+00
+1.596684521744119e+00
+1.579825518669866e+00
+1.624171895466782e+00
+1.562670130560814e+00
+1.856636713441975e+00
+1.786795377784838e+00
+1.790253896974401e+00
+1.539786925870020e+00
+1.596684521744117e+00
+1.538639763780511e+00
+1.856636713441971e+00
+1.790253896974396e+00
+1.786795377784834e+00
+1.579825518669863e+00
+1.562670130560810e+00
+1.624171895466779e+00
+1.099443494303185e+00
+1.086758739631978e+00
+1.086758739631978e+00
+1.055547368223070e+00
+1.047749518858069e+00
+1.060422388017946e+00
+1.055547368223070e+00
+1.060422388017948e+00
+1.047749518858070e+00
+1.539786925870024e+00
+1.538639763780513e+00
+1.596684521744120e+00
+1.579825518669861e+00
+1.624171895466781e+00
+1.562670130560812e+00
+1.856636713441974e+00
+1.786795377784836e+00
+1.790253896974397e+00
+1.539786925870030e+00
+1.596684521744125e+00
+1.538639763780520e+00
+1.856636713441981e+00
+1.790253896974405e+00
+1.786795377784842e+00
+1.579825518669872e+00
+1.562670130560820e+00
+1.624171895466789e+00
+1.099443494303189e+00
+1.086758739631982e+00
+1.086758739631982e+00
+1.055547368223074e+00
+1.047749518858074e+00
+1.060422388017952e+00
+1.055547368223072e+00
+1.060422388017949e+00
+1.047749518858074e+00
+1.241400768713594e+00
+1.262662064198274e+00
+1.217971111261957e+00
+1.390131259192821e+00
+1.336274749797491e+00
+1.351898967507728e+00
+1.163304279351076e+00
+1.171113526692181e+00
+1.200179332653289e+00
+1.848581846672865e+00
+1.776432949552187e+00
+1.776432949552186e+00
+1.530251513736460e+00
+1.522431577996653e+00
+1.585432758064195e+00
+1.530251513736460e+00
+1.585432758064195e+00
+1.522431577996654e+00
+1.241400768713590e+00
+1.217971111261953e+00
+1.262662064198272e+00
+1.163304279351076e+00
+1.200179332653290e+00
+1.171113526692181e+00
+1.390131259192820e+00
+1.351898967507725e+00
+1.336274749797490e+00
+1.241400768713582e+00
+1.217971111261946e+00
+1.262662064198263e+00
+1.163304279351069e+00
+1.200179332653282e+00
+1.171113526692174e+00
+1.390131259192811e+00
+1.351898967507716e+00
+1.336274749797481e+00
+1.241400768713588e+00
+1.262662064198269e+00
+1.217971111261952e+00
+1.390131259192815e+00
+1.336274749797485e+00
+1.351898967507721e+00
+1.163304279351072e+00
+1.171113526692179e+00
+1.200179332653285e+00
+1.848581846672857e+00
+1.776432949552179e+00
+1.776432949552180e+00
+1.530251513736451e+00
+1.522431577996646e+00
+1.585432758064186e+00
+1.530251513736452e+00
+1.585432758064189e+00
+1.522431577996647e+00
+1.241400768713582e+00
+1.217971111261946e+00
+1.262662064198262e+00
+1.163304279351068e+00
+1.200179332653281e+00
+1.171113526692173e+00
+1.390131259192809e+00
+1.351898967507714e+00
+1.336274749797480e+00
+1.241400768713583e+00
+1.262662064198265e+00
+1.217971111261948e+00
+1.390131259192813e+00
+1.336274749797484e+00
+1.351898967507719e+00
+1.163304279351071e+00
+1.171113526692175e+00
+1.200179332653282e+00
+1.848581846672853e+00
+1.776432949552173e+00
+1.776432949552174e+00
+1.530251513736447e+00
+1.522431577996643e+00
+1.585432758064184e+00
+1.530251513736449e+00
+1.585432758064186e+00
+1.522431577996644e+00
+1.241400768713591e+00
+1.217971111261954e+00
+1.262662064198273e+00
+1.163304279351074e+00
+1.200179332653288e+00
+1.171113526692180e+00
+1.390131259192817e+00
+1.351898967507724e+00
+1.336274749797490e+00
+1.241400768713584e+00
+1.262662064198265e+00
+1.217971111261949e+00
+1.390131259192812e+00
+1.336274749797485e+00
+1.351898967507720e+00
+1.163304279351073e+00
+1.171113526692177e+00
+1.200179332653285e+00
+1.848581846672864e+00
+1.776432949552185e+00
+1.776432949552184e+00
+1.530251513736457e+00
+1.522431577996651e+00
+1.585432758064191e+00
+1.530251513736455e+00
+1.585432758064189e+00
+1.522431577996648e+00
+1.940284603613154e+00
+1.876262730953236e+00
+1.938048231665398e+00
+1.650792803621979e+00
+1.693077575424047e+00
+1.701994379546580e+00
+1.931021938581825e+00
+1.932521130094177e+00
+1.861793597217597e+00
+1.301769825396223e+00
+1.321889569307483e+00
+1.336757517914337e+00
+1.444790370228070e+00
+1.445928444603039e+00
+1.407701363981765e+00
+1.496234773351126e+00
+1.453437108405573e+00
+1.476802163094196e+00
+1.924927464835542e+00
+1.925072553336324e+00
+1.848419732763035e+00
+1.927480733562650e+00
+1.852470489892392e+00
+1.926602693515687e+00
+1.595855331415827e+00
+1.650440221717730e+00
+1.652963475278415e+00
+1.006059568675938e+00
+1.008901219931443e+00
+1.008901219931442e+00
+1.039955156155741e+00
+1.032165331442831e+00
+1.029246465079328e+00
+1.039955156155739e+00
+1.029246465079328e+00
+1.032165331442827e+00
+1.196069977040418e+00
+1.172642844111089e+00
+1.169712848860625e+00
+1.117985478862097e+00
+1.107249683226844e+00
+1.125792842242475e+00
+1.083830119294785e+00
+1.102368074282555e+00
+1.086757186309943e+00
+1.196069977040415e+00
+1.169712848860622e+00
+1.172642844111087e+00
+1.083830119294783e+00
+1.086757186309941e+00
+1.102368074282553e+00
+1.117985478862096e+00
+1.125792842242473e+00
+1.107249683226843e+00
+1.940284603613153e+00
+1.938048231665398e+00
+1.876262730953234e+00
+1.931021938581822e+00
+1.861793597217595e+00
+1.932521130094171e+00
+1.650792803621979e+00
+1.701994379546580e+00
+1.693077575424045e+00
+1.924927464835541e+00
+1.848419732763034e+00
+1.925072553336325e+00
+1.595855331415828e+00
+1.652963475278416e+00
+1.650440221717731e+00
+1.927480733562648e+00
+1.926602693515685e+00
+1.852470489892390e+00
+1.301769825396227e+00
+1.336757517914342e+00
+1.321889569307486e+00
+1.496234773351129e+00
+1.476802163094200e+00
+1.453437108405577e+00
+1.444790370228069e+00
+1.407701363981765e+00
+1.445928444603040e+00
+1.940284603613152e+00
+1.938048231665394e+00
+1.876262730953232e+00
+1.931021938581813e+00
+1.861793597217587e+00
+1.932521130094165e+00
+1.650792803621976e+00
+1.701994379546575e+00
+1.693077575424040e+00
+1.924927464835534e+00
+1.848419732763026e+00
+1.925072553336317e+00
+1.595855331415821e+00
+1.652963475278409e+00
+1.650440221717721e+00
+1.927480733562639e+00
+1.926602693515678e+00
+1.852470489892382e+00
+1.301769825396224e+00
+1.336757517914337e+00
+1.321889569307483e+00
+1.496234773351126e+00
+1.476802163094193e+00
+1.453437108405571e+00
+1.444790370228062e+00
+1.407701363981759e+00
+1.445928444603034e+00
+1.940284603613149e+00
+1.876262730953230e+00
+1.938048231665395e+00
+1.650792803621972e+00
+1.693077575424038e+00
+1.701994379546573e+00
+1.931021938581813e+00
+1.932521130094166e+00
+1.861793597217588e+00
+1.301769825396216e+00
+1.321889569307476e+00
+1.336757517914330e+00
+1.444790370228059e+00
+1.445928444603028e+00
+1.407701363981754e+00
+1.496234773351119e+00
+1.453437108405565e+00
+1.476802163094188e+00
+1.924927464835532e+00
+1.925072553336316e+00
+1.848419732763025e+00
+1.927480733562638e+00
+1.852470489892379e+00
+1.926602693515676e+00
+1.595855331415818e+00
+1.650440221717720e+00
+1.652963475278406e+00
+1.006059568675937e+00
+1.008901219931441e+00
+1.008901219931442e+00
+1.039955156155739e+00
+1.032165331442828e+00
+1.029246465079327e+00
+1.039955156155736e+00
+1.029246465079325e+00
+1.032165331442826e+00
+1.196069977040416e+00
+1.172642844111086e+00
+1.169712848860622e+00
+1.117985478862093e+00
+1.107249683226840e+00
+1.125792842242472e+00
+1.083830119294783e+00
+1.102368074282551e+00
+1.086757186309940e+00
+1.196069977040408e+00
+1.169712848860617e+00
+1.172642844111081e+00
+1.083830119294780e+00
+1.086757186309936e+00
+1.102368074282548e+00
+1.117985478862092e+00
+1.125792842242469e+00
+1.107249683226838e+00
+1.940284603613150e+00
+1.938048231665394e+00
+1.876262730953230e+00
+1.931021938581817e+00
+1.861793597217591e+00
+1.932521130094169e+00
+1.650792803621975e+00
+1.701994379546574e+00
+1.693077575424041e+00
+1.924927464835529e+00
+1.848419732763023e+00
+1.925072553336312e+00
+1.595855331415817e+00
+1.652963475278406e+00
+1.650440221717718e+00
+1.927480733562638e+00
+1.926602693515673e+00
+1.852470489892379e+00
+1.301769825396217e+00
+1.336757517914330e+00
+1.321889569307477e+00
+1.496234773351121e+00
+1.476802163094190e+00
+1.453437108405567e+00
+1.444790370228062e+00
+1.407701363981757e+00
+1.445928444603032e+00
+1.940284603613146e+00
+1.876262730953227e+00
+1.938048231665389e+00
+1.650792803621971e+00
+1.693077575424038e+00
+1.701994379546572e+00
+1.931021938581811e+00
+1.932521130094163e+00
+1.861793597217585e+00
+1.301769825396216e+00
+1.321889569307473e+00
+1.336757517914329e+00
+1.444790370228057e+00
+1.445928444603028e+00
+1.407701363981753e+00
+1.496234773351118e+00
+1.453437108405565e+00
+1.476802163094187e+00
+1.924927464835529e+00
+1.925072553336311e+00
+1.848419732763020e+00
+1.927480733562635e+00
+1.852470489892376e+00
+1.926602693515672e+00
+1.595855331415814e+00
+1.650440221717717e+00
+1.652963475278404e+00
+1.006059568675937e+00
+1.008901219931441e+00
+1.008901219931442e+00
+1.039955156155737e+00
+1.032165331442825e+00
+1.029246465079324e+00
+1.039955156155736e+00
+1.029246465079326e+00
+1.032165331442826e+00
+1.196069977040410e+00
+1.172642844111081e+00
+1.169712848860617e+00
+1.117985478862089e+00
+1.107249683226838e+00
+1.125792842242469e+00
+1.083830119294780e+00
+1.102368074282548e+00
+1.086757186309937e+00
+1.196069977040409e+00
+1.169712848860615e+00
+1.172642844111079e+00
+1.083830119294780e+00
+1.086757186309937e+00
+1.102368074282549e+00
+1.117985478862089e+00
+1.125792842242467e+00
+1.107249683226838e+00
+1.940284603613147e+00
+1.938048231665390e+00
+1.876262730953229e+00
+1.931021938581814e+00
+1.861793597217586e+00
+1.932521130094165e+00
+1.650792803621971e+00
+1.701994379546570e+00
+1.693077575424038e+00
+1.924927464835539e+00
+1.848419732763030e+00
+1.925072553336320e+00
+1.595855331415820e+00
+1.652963475278409e+00
+1.650440221717724e+00
+1.927480733562640e+00
+1.926602693515677e+00
+1.852470489892381e+00
+1.301769825396218e+00
+1.336757517914329e+00
+1.321889569307475e+00
+1.496234773351118e+00
+1.476802163094187e+00
+1.453437108405565e+00
+1.444790370228061e+00
+1.407701363981756e+00
+1.445928444603030e+00
+1.940284603613155e+00
+1.876262730953238e+00
+1.938048231665398e+00
+1.650792803621982e+00
+1.693077575424047e+00
+1.701994379546581e+00
+1.931021938581821e+00
+1.932521130094172e+00
+1.861793597217595e+00
+1.301769825396228e+00
+1.321889569307486e+00
+1.336757517914340e+00
+1.444790370228068e+00
+1.445928444603038e+00
+1.407701363981762e+00
+1.496234773351129e+00
+1.453437108405577e+00
+1.476802163094199e+00
+1.924927464835540e+00
+1.925072553336323e+00
+1.848419732763031e+00
+1.927480733562645e+00
+1.852470489892386e+00
+1.926602693515685e+00
+1.595855331415825e+00
+1.650440221717727e+00
+1.652963475278414e+00
+1.006059568675938e+00
+1.008901219931442e+00
+1.008901219931443e+00
+1.039955156155737e+00
+1.032165331442827e+00
+1.029246465079325e+00
+1.039955156155739e+00
+1.029246465079328e+00
+1.032165331442828e+00
+1.196069977040410e+00
+1.172642844111081e+00
+1.169712848860616e+00
+1.117985478862094e+00
+1.107249683226841e+00
+1.125792842242471e+00
+1.083830119294781e+00
+1.102368074282548e+00
+1.086757186309937e+00
+1.196069977040418e+00
+1.169712848860624e+00
+1.172642844111090e+00
+1.083830119294785e+00
+1.086757186309942e+00
+1.102368074282555e+00
+1.117985478862096e+00
+1.125792842242475e+00
+1.107249683226843e+00
+1.271039831374305e+00
+1.316741263169391e+00
+1.409149508574130e+00
+1.409149508574129e+00
+1.316741263169390e+00
+1.271039831374304e+00
+1.316741263169384e+00
+1.271039831374297e+00
+1.271039831374299e+00
+1.316741263169384e+00
+1.409149508574122e+00
+1.409149508574122e+00
+1.316741263169382e+00
+1.271039831374294e+00
+1.271039831374297e+00
+1.316741263169384e+00
+1.409149508574120e+00
+1.409149508574121e+00
+1.316741263169387e+00
+1.271039831374302e+00
+1.271039831374300e+00
+1.316741263169386e+00
+1.409149508574124e+00
+1.409149508574124e+00
+1.729387664265327e+00
+1.674031568777418e+00
+1.550084954702561e+00
+1.542073478753546e+00
+1.656818002720787e+00
+1.720188246199065e+00
+1.043851629839869e+00
+1.043851629839869e+00
+1.067248769055753e+00
+1.076027330197148e+00
+1.076027330197148e+00
+1.067248769055752e+00
+1.674031568777415e+00
+1.729387664265323e+00
+1.720188246199064e+00
+1.656818002720785e+00
+1.542073478753546e+00
+1.550084954702562e+00
+1.674031568777410e+00
+1.729387664265318e+00
+1.720188246199057e+00
+1.656818002720777e+00
+1.542073478753537e+00
+1.550084954702554e+00
+1.729387664265318e+00
+1.674031568777407e+00
+1.550084954702553e+00
+1.542073478753536e+00
+1.656818002720778e+00
+1.720188246199057e+00
+1.043851629839866e+00
+1.043851629839868e+00
+1.067248769055750e+00
+1.076027330197146e+00
+1.076027330197143e+00
+1.067248769055749e+00
+1.674031568777412e+00
+1.729387664265320e+00
+1.720188246199058e+00
+1.656818002720778e+00
+1.542073478753539e+00
+1.550084954702555e+00
+1.729387664265317e+00
+1.674031568777407e+00
+1.550084954702553e+00
+1.542073478753535e+00
+1.656818002720776e+00
+1.720188246199055e+00
+1.043851629839866e+00
+1.043851629839865e+00
+1.067248769055745e+00
+1.076027330197144e+00
+1.076027330197143e+00
+1.067248769055747e+00
+1.674031568777409e+00
+1.729387664265317e+00
+1.720188246199056e+00
+1.656818002720779e+00
+1.542073478753538e+00
+1.550084954702552e+00
+1.729387664265323e+00
+1.674031568777417e+00
+1.550084954702561e+00
+1.542073478753546e+00
+1.656818002720784e+00
+1.720188246199063e+00
+1.043851629839870e+00
+1.043851629839870e+00
+1.067248769055751e+00
+1.076027330197147e+00
+1.076027330197147e+00
+1.067248769055753e+00
+1.286664370640289e+00
+1.241299344615963e+00
+1.182827614636179e+00
+1.198446749665092e+00
+1.288165166001554e+00
+1.317910604788764e+00
+1.518521819172912e+00
+1.518521819172913e+00
+1.644859097940762e+00
+1.708526271110399e+00
+1.708526271110398e+00
+1.644859097940762e+00
+1.241299344615962e+00
+1.286664370640290e+00
+1.317910604788762e+00
+1.288165166001553e+00
+1.198446749665089e+00
+1.182827614636180e+00
+1.241299344615955e+00
+1.286664370640281e+00
+1.317910604788752e+00
+1.288165166001541e+00
+1.198446749665081e+00
+1.182827614636172e+00
+1.286664370640286e+00
+1.241299344615958e+00
+1.182827614636176e+00
+1.198446749665088e+00
+1.288165166001550e+00
+1.317910604788757e+00
+1.518521819172904e+00
+1.518521819172904e+00
+1.644859097940755e+00
+1.708526271110391e+00
+1.708526271110389e+00
+1.644859097940754e+00
+1.241299344615953e+00
+1.286664370640280e+00
+1.317910604788751e+00
+1.288165166001540e+00
+1.198446749665080e+00
+1.182827614636170e+00
+1.286664370640284e+00
+1.241299344615956e+00
+1.182827614636172e+00
+1.198446749665083e+00
+1.288165166001546e+00
+1.317910604788756e+00
+1.518521819172903e+00
+1.518521819172903e+00
+1.644859097940753e+00
+1.708526271110387e+00
+1.708526271110385e+00
+1.644859097940750e+00
+1.241299344615962e+00
+1.286664370640289e+00
+1.317910604788762e+00
+1.288165166001552e+00
+1.198446749665089e+00
+1.182827614636179e+00
+1.286664370640286e+00
+1.241299344615958e+00
+1.182827614636174e+00
+1.198446749665084e+00
+1.288165166001545e+00
+1.317910604788756e+00
+1.518521819172907e+00
+1.518521819172908e+00
+1.644859097940756e+00
+1.708526271110394e+00
+1.708526271110396e+00
+1.644859097940760e+00
+1.740865656511863e+00
+1.802713415991056e+00
+1.934180015218146e+00
+1.936033490770174e+00
+1.818862879964017e+00
+1.755154557237524e+00
+1.451645075356352e+00
+1.461937344952660e+00
+1.412591558048278e+00
+1.373698228088853e+00
+1.346251340566816e+00
+1.374855260755621e+00
+1.785315433646702e+00
+1.713306916475856e+00
+1.709270525044116e+00
+1.780769141906906e+00
+1.925404739526880e+00
+1.925918972626998e+00
+1.028272779627084e+00
+1.028272779627085e+00
+1.020498851795231e+00
+1.013715545161801e+00
+1.013715545161801e+00
+1.020498851795234e+00
+1.098466611058120e+00
+1.091635903503107e+00
+1.122861474739221e+00
+1.145309871910289e+00
+1.153121043406720e+00
+1.137504517284852e+00
+1.091635903503107e+00
+1.098466611058121e+00
+1.137504517284851e+00
+1.153121043406717e+00
+1.145309871910287e+00
+1.122861474739218e+00
+1.802713415991053e+00
+1.740865656511860e+00
+1.755154557237523e+00
+1.818862879964016e+00
+1.936033490770172e+00
+1.934180015218142e+00
+1.713306916475856e+00
+1.785315433646700e+00
+1.925918972626996e+00
+1.925404739526879e+00
+1.780769141906906e+00
+1.709270525044117e+00
+1.461937344952662e+00
+1.451645075356354e+00
+1.374855260755621e+00
+1.346251340566817e+00
+1.373698228088855e+00
+1.412591558048282e+00
+1.802713415991046e+00
+1.740865656511854e+00
+1.755154557237519e+00
+1.818862879964015e+00
+1.936033490770166e+00
+1.934180015218136e+00
+1.713306916475847e+00
+1.785315433646692e+00
+1.925918972626989e+00
+1.925404739526870e+00
+1.780769141906898e+00
+1.709270525044108e+00
+1.461937344952657e+00
+1.451645075356348e+00
+1.374855260755615e+00
+1.346251340566813e+00
+1.373698228088850e+00
+1.412591558048277e+00
+1.740865656511855e+00
+1.802713415991048e+00
+1.934180015218138e+00
+1.936033490770170e+00
+1.818862879964011e+00
+1.755154557237519e+00
+1.451645075356344e+00
+1.461937344952652e+00
+1.412591558048270e+00
+1.373698228088842e+00
+1.346251340566807e+00
+1.374855260755609e+00
+1.785315433646690e+00
+1.713306916475845e+00
+1.709270525044106e+00
+1.780769141906897e+00
+1.925404739526868e+00
+1.925918972626986e+00
+1.028272779627083e+00
+1.028272779627084e+00
+1.020498851795231e+00
+1.013715545161799e+00
+1.013715545161801e+00
+1.020498851795231e+00
+1.098466611058118e+00
+1.091635903503105e+00
+1.122861474739217e+00
+1.145309871910286e+00
+1.153121043406717e+00
+1.137504517284849e+00
+1.091635903503101e+00
+1.098466611058116e+00
+1.137504517284845e+00
+1.153121043406711e+00
+1.145309871910281e+00
+1.122861474739214e+00
+1.802713415991050e+00
+1.740865656511858e+00
+1.755154557237520e+00
+1.818862879964013e+00
+1.936033490770169e+00
+1.934180015218141e+00
+1.713306916475845e+00
+1.785315433646689e+00
+1.925918972626985e+00
+1.925404739526866e+00
+1.780769141906896e+00
+1.709270525044105e+00
+1.461937344952656e+00
+1.451645075356346e+00
+1.374855260755612e+00
+1.346251340566809e+00
+1.373698228088843e+00
+1.412591558048272e+00
+1.740865656511854e+00
+1.802713415991045e+00
+1.934180015218135e+00
+1.936033490770166e+00
+1.818862879964009e+00
+1.755154557237517e+00
+1.451645075356341e+00
+1.461937344952650e+00
+1.412591558048268e+00
+1.373698228088841e+00
+1.346251340566806e+00
+1.374855260755608e+00
+1.785315433646687e+00
+1.713306916475843e+00
+1.709270525044102e+00
+1.780769141906893e+00
+1.925404739526864e+00
+1.925918972626983e+00
+1.028272779627081e+00
+1.028272779627081e+00
+1.020498851795231e+00
+1.013715545161799e+00
+1.013715545161799e+00
+1.020498851795230e+00
+1.098466611058114e+00
+1.091635903503101e+00
+1.122861474739214e+00
+1.145309871910281e+00
+1.153121043406712e+00
+1.137504517284844e+00
+1.091635903503101e+00
+1.098466611058115e+00
+1.137504517284843e+00
+1.153121043406710e+00
+1.145309871910281e+00
+1.122861474739212e+00
+1.802713415991046e+00
+1.740865656511854e+00
+1.755154557237516e+00
+1.818862879964011e+00
+1.936033490770167e+00
+1.934180015218134e+00
+1.713306916475848e+00
+1.785315433646694e+00
+1.925918972626991e+00
+1.925404739526872e+00
+1.780769141906902e+00
+1.709270525044110e+00
+1.461937344952651e+00
+1.451645075356346e+00
+1.374855260755612e+00
+1.346251340566807e+00
+1.373698228088842e+00
+1.412591558048269e+00
+1.740865656511863e+00
+1.802713415991055e+00
+1.934180015218144e+00
+1.936033490770173e+00
+1.818862879964019e+00
+1.755154557237525e+00
+1.451645075356353e+00
+1.461937344952662e+00
+1.412591558048282e+00
+1.373698228088856e+00
+1.346251340566816e+00
+1.374855260755619e+00
+1.785315433646698e+00
+1.713306916475855e+00
+1.709270525044113e+00
+1.780769141906905e+00
+1.925404739526877e+00
+1.925918972626995e+00
+1.028272779627083e+00
+1.028272779627085e+00
+1.020498851795233e+00
+1.013715545161801e+00
+1.013715545161799e+00
+1.020498851795231e+00
+1.098466611058118e+00
+1.091635903503104e+00
+1.122861474739214e+00
+1.145309871910282e+00
+1.153121043406713e+00
+1.137504517284846e+00
+1.091635903503108e+00
+1.098466611058120e+00
+1.137504517284851e+00
+1.153121043406719e+00
+1.145309871910288e+00
+1.122861474739219e+00
+1.479315992284078e+00
+1.432608466692704e+00
+1.324555138196320e+00
+1.463670129302418e+00
+1.159399702977887e+00
+1.159399702977888e+00
+1.233488139003967e+00
+1.233488139003967e+00
+1.432608466692705e+00
+1.479315992284077e+00
+1.463670129302419e+00
+1.324555138196320e+00
+1.432608466692698e+00
+1.479315992284070e+00
+1.463670129302412e+00
+1.324555138196314e+00
+1.479315992284068e+00
+1.432608466692695e+00
+1.324555138196311e+00
+1.463670129302411e+00
+1.159399702977883e+00
+1.159399702977883e+00
+1.233488139003962e+00
+1.233488139003960e+00
+1.432608466692697e+00
+1.479315992284068e+00
+1.463670129302410e+00
+1.324555138196312e+00
+1.479315992284066e+00
+1.432608466692692e+00
+1.324555138196310e+00
+1.463670129302409e+00
+1.159399702977881e+00
+1.159399702977882e+00
+1.233488139003959e+00
+1.233488139003958e+00
+1.432608466692698e+00
+1.479315992284070e+00
+1.463670129302414e+00
+1.324555138196314e+00
+1.479315992284073e+00
+1.432608466692702e+00
+1.324555138196317e+00
+1.463670129302415e+00
+1.159399702977885e+00
+1.159399702977886e+00
+1.233488139003964e+00
+1.233488139003964e+00
+1.486124324679597e+00
+1.545516759714621e+00
+1.660242129967518e+00
+1.486109540011651e+00
+1.928536150242715e+00
+1.929711745604635e+00
+1.798287904037937e+00
+1.787919637796012e+00
+1.601547727710174e+00
+1.540986708274917e+00
+1.504409826050237e+00
+1.688914239403800e+00
+1.114081941177676e+00
+1.114081941177674e+00
+1.090661183407907e+00
+1.090661183407908e+00
+1.067248144717232e+00
+1.052622840877566e+00
+1.037032962634661e+00
+1.075051291868466e+00
+1.052622840877567e+00
+1.067248144717233e+00
+1.075051291868465e+00
+1.037032962634660e+00
+1.545516759714621e+00
+1.486124324679598e+00
+1.486109540011651e+00
+1.660242129967517e+00
+1.540986708274920e+00
+1.601547727710173e+00
+1.688914239403799e+00
+1.504409826050239e+00
+1.929711745604630e+00
+1.928536150242711e+00
+1.787919637796008e+00
+1.798287904037935e+00
+1.545516759714614e+00
+1.486124324679590e+00
+1.486109540011644e+00
+1.660242129967511e+00
+1.540986708274915e+00
+1.601547727710170e+00
+1.688914239403793e+00
+1.504409826050233e+00
+1.929711745604622e+00
+1.928536150242703e+00
+1.787919637796002e+00
+1.798287904037929e+00
+1.486124324679587e+00
+1.545516759714612e+00
+1.660242129967508e+00
+1.486109540011641e+00
+1.928536150242702e+00
+1.929711745604623e+00
+1.798287904037930e+00
+1.787919637796001e+00
+1.601547727710167e+00
+1.540986708274910e+00
+1.504409826050229e+00
+1.688914239403790e+00
+1.114081941177672e+00
+1.114081941177671e+00
+1.090661183407905e+00
+1.090661183407905e+00
+1.067248144717227e+00
+1.052622840877563e+00
+1.037032962634657e+00
+1.075051291868461e+00
+1.052622840877564e+00
+1.067248144717232e+00
+1.075051291868463e+00
+1.037032962634659e+00
+1.545516759714612e+00
+1.486124324679590e+00
+1.486109540011645e+00
+1.660242129967508e+00
+1.540986708274912e+00
+1.601547727710168e+00
+1.688914239403793e+00
+1.504409826050232e+00
+1.929711745604625e+00
+1.928536150242703e+00
+1.787919637796001e+00
+1.798287904037931e+00
+1.486124324679585e+00
+1.545516759714610e+00
+1.660242129967504e+00
+1.486109540011638e+00
+1.928536150242701e+00
+1.929711745604620e+00
+1.798287904037926e+00
+1.787919637795997e+00
+1.601547727710164e+00
+1.540986708274909e+00
+1.504409826050229e+00
+1.688914239403789e+00
+1.114081941177667e+00
+1.114081941177668e+00
+1.090661183407901e+00
+1.090661183407903e+00
+1.067248144717228e+00
+1.052622840877562e+00
+1.037032962634657e+00
+1.075051291868458e+00
+1.052622840877561e+00
+1.067248144717228e+00
+1.075051291868460e+00
+1.037032962634656e+00
+1.545516759714614e+00
+1.486124324679590e+00
+1.486109540011642e+00
+1.660242129967509e+00
+1.540986708274909e+00
+1.601547727710166e+00
+1.688914239403791e+00
+1.504409826050230e+00
+1.929711745604621e+00
+1.928536150242703e+00
+1.787919637796003e+00
+1.798287904037928e+00
+1.486124324679595e+00
+1.545516759714618e+00
+1.660242129967515e+00
+1.486109540011649e+00
+1.928536150242710e+00
+1.929711745604630e+00
+1.798287904037936e+00
+1.787919637796007e+00
+1.601547727710176e+00
+1.540986708274920e+00
+1.504409826050238e+00
+1.688914239403799e+00
+1.114081941177671e+00
+1.114081941177673e+00
+1.090661183407907e+00
+1.090661183407905e+00
+1.067248144717233e+00
+1.052622840877566e+00
+1.037032962634660e+00
+1.075051291868465e+00
+1.052622840877564e+00
+1.067248144717230e+00
+1.075051291868462e+00
+1.037032962634661e+00
+1.224380842378600e+00
+1.268735883921214e+00
+1.311598265867916e+00
+1.177525748453224e+00
+1.448234433281539e+00
+1.371427911901562e+00
+1.130674312944966e+00
+1.146290629702355e+00
+1.924972210755661e+00
+1.924972210755661e+00
+1.780341586725489e+00
+1.780341586725491e+00
+1.541981829582578e+00
+1.652674258559515e+00
+1.541981829582578e+00
+1.652674258559515e+00
+1.268735883921212e+00
+1.224380842378600e+00
+1.177525748453223e+00
+1.311598265867914e+00
+1.130674312944964e+00
+1.146290629702353e+00
+1.448234433281537e+00
+1.371427911901560e+00
+1.268735883921204e+00
+1.224380842378593e+00
+1.177525748453215e+00
+1.311598265867905e+00
+1.130674312944959e+00
+1.146290629702346e+00
+1.448234433281528e+00
+1.371427911901551e+00
+1.224380842378600e+00
+1.268735883921211e+00
+1.311598265867912e+00
+1.177525748453221e+00
+1.448234433281531e+00
+1.371427911901556e+00
+1.130674312944961e+00
+1.146290629702352e+00
+1.924972210755654e+00
+1.924972210755654e+00
+1.780341586725482e+00
+1.780341586725484e+00
+1.541981829582569e+00
+1.652674258559504e+00
+1.541981829582570e+00
+1.652674258559506e+00
+1.268735883921204e+00
+1.224380842378592e+00
+1.177525748453216e+00
+1.311598265867905e+00
+1.130674312944957e+00
+1.146290629702345e+00
+1.448234433281524e+00
+1.371427911901550e+00
+1.224380842378593e+00
+1.268735883921205e+00
+1.311598265867908e+00
+1.177525748453217e+00
+1.448234433281530e+00
+1.371427911901555e+00
+1.130674312944959e+00
+1.146290629702346e+00
+1.924972210755649e+00
+1.924972210755650e+00
+1.780341586725478e+00
+1.780341586725479e+00
+1.541981829582567e+00
+1.652674258559501e+00
+1.541981829582568e+00
+1.652674258559503e+00
+1.268735883921214e+00
+1.224380842378602e+00
+1.177525748453224e+00
+1.311598265867914e+00
+1.130674312944965e+00
+1.146290629702353e+00
+1.448234433281535e+00
+1.371427911901562e+00
+1.224380842378592e+00
+1.268735883921204e+00
+1.311598265867907e+00
+1.177525748453218e+00
+1.448234433281530e+00
+1.371427911901554e+00
+1.130674312944963e+00
+1.146290629702351e+00
+1.924972210755661e+00
+1.924972210755662e+00
+1.780341586725490e+00
+1.780341586725488e+00
+1.541981829582575e+00
+1.652674258559510e+00
+1.541981829582571e+00
+1.652674258559508e+00
+2.004132809108911e+00
+1.942713950609942e+00
+1.825172348617451e+00
+2.003865839060024e+00
+1.614008476433201e+00
+1.715659834963727e+00
+2.003721417775326e+00
+2.003770460912730e+00
+1.285891466654902e+00
+1.356204360480425e+00
+1.520227749847060e+00
+1.434322553934902e+00
+2.003653415733344e+00
+2.003658817026396e+00
+2.003684025000457e+00
+2.003669469005051e+00
+1.005171659382869e+00
+1.005171659382870e+00
+1.012751814266716e+00
+1.012751814266714e+00
+1.051648094023895e+00
+1.028273937482527e+00
+1.051648094023894e+00
+1.028273937482526e+00
+1.223401514534398e+00
+1.168736074817527e+00
+1.082854459590461e+00
+1.121885281815190e+00
+1.223401514534395e+00
+1.168736074817524e+00
+1.082854459590461e+00
+1.121885281815186e+00
+1.942713950609943e+00
+2.004132809108912e+00
+2.003865839060021e+00
+1.825172348617451e+00
+2.003721417775324e+00
+2.003770460912727e+00
+1.614008476433203e+00
+1.715659834963729e+00
+2.003653415733345e+00
+2.003658817026397e+00
+2.003684025000456e+00
+2.003669469005051e+00
+1.285891466654905e+00
+1.356204360480429e+00
+1.520227749847064e+00
+1.434322553934907e+00
+2.004132809108908e+00
+2.003865839060016e+00
+2.003721417775313e+00
+2.003770460912720e+00
+2.003653415733338e+00
+2.003658817026388e+00
+2.003684025000446e+00
+2.003669469005041e+00
+2.004132809108912e+00
+1.942713950609938e+00
+1.825172348617446e+00
+2.003865839060019e+00
+1.614008476433197e+00
+1.715659834963725e+00
+2.003721417775311e+00
+2.003770460912720e+00
+1.285891466654895e+00
+1.356204360480417e+00
+1.520227749847055e+00
+1.434322553934895e+00
+2.003653415733337e+00
+2.003658817026388e+00
+2.003684025000444e+00
+2.003669469005041e+00
+1.005171659382869e+00
+1.012751814266713e+00
+1.051648094023889e+00
+1.028273937482526e+00
+1.223401514534389e+00
+1.168736074817522e+00
+1.082854459590455e+00
+1.121885281815182e+00
+2.004132809108907e+00
+2.003865839060021e+00
+2.003721417775314e+00
+2.003770460912722e+00
+2.003653415733333e+00
+2.003658817026384e+00
+2.003684025000443e+00
+2.003669469005038e+00
+2.004132809108901e+00
+1.942713950609934e+00
+1.825172348617443e+00
+2.003865839060014e+00
+1.614008476433193e+00
+1.715659834963722e+00
+2.003721417775312e+00
+2.003770460912715e+00
+1.285891466654894e+00
+1.356204360480417e+00
+1.520227749847054e+00
+1.434322553934894e+00
+2.003653415733334e+00
+2.003658817026384e+00
+2.003684025000442e+00
+2.003669469005037e+00
+1.005171659382869e+00
+1.012751814266714e+00
+1.051648094023891e+00
+1.028273937482525e+00
+1.223401514534388e+00
+1.168736074817518e+00
+1.082854459590457e+00
+1.121885281815183e+00
+2.004132809108903e+00
+2.003865839060013e+00
+2.003721417775313e+00
+2.003770460912717e+00
+2.003653415733343e+00
+2.003658817026390e+00
+2.003684025000447e+00
+2.003669469005043e+00
+2.004132809108913e+00
+2.003865839060020e+00
+2.003721417775322e+00
+2.003770460912728e+00
+2.003653415733344e+00
+2.003658817026396e+00
+2.003684025000454e+00
+2.003669469005049e+00
