188	219	182
339	343	451
361	360	320
56	60	18
122	154	164
535	541	550
645	646	619
349	351	356
852	528	488
335	332	134
838	1070	826
112	111	104
799	326	813
57	38	51
32	156	41
159	20	25
20	-1	325
36	44	-1
118	65	3
103	88	96
16	15	24
24	22	27
443	21	159
454	461	1363
-1	20	21
333	444	15
443	30	31
21	36	-1
129	332	130
44	32	35
157	156	26
32	36	26
14	29	31
56	61	67
81	83	85
29	37	49
17	27	31
35	41	38
37	13	39
38	73	54
-1	44	63
14	42	37
41	43	51
48	155	42
29	40	17
60	124	118
67	66	80
108	107	63
156	158	43
63	35	54
55	56	51
42	50	13
80	73	57
128	124	120
39	108	49
155	117	50
50	3	33
67	52	13
61	74	66
88	84	83
117	45	3
65	58	33
101	108	79
49	47	40
237	169	146
18	76	61
46	58	75
46	57	33
164	74	76
416	151	417
74	425	424
82	96	83
75	90	81
85	39	52
58	68	70
66	424	72
65	121	68
268	469	269
422	425	423
85	84	62
81	52	46
72	34	80
71	90	185
59	34	71
79	59	97
34	79	73
186	164	163
95	98	112
19	99	59
-1	106	105
72	422	82
185	100	96
95	415	414
97	105	101
370	366	100
99	87	92
19	71	91
84	99	93
111	87	103
88	95	97
91	386	94
93	106	62
366	113	111
366	98	19
11	114	375
93	414	89
89	107	101
106	-1	47
54	62	47
167	163	154
376	114	113
98	102	11
415	87	11
367	110	102
104	110	374
415	379	116
115	-1	414
55	120	60
18	45	151
445	128	127
127	53	117
151	122	76
121	152	4
140	145	137
418	45	53
136	132	138
166	179	149
120	129	119
119	132	53
127	133	28
131	445	28
130	342	446
143	125	128
129	155	158
157	9	158
189	161	195
418	125	419
123	143	341
145	238	125
336	337	322
321	318	123
217	203	229
602	227	603
132	445	137
353	321	341
123	426	138
417	419	64
319	361	357
287	272	288
153	126	154
192	423	174
121	118	69
416	165	122
149	165	161
109	4	149
133	55	43
30	48	14
30	328	134
48	134	133
444	22	15
329	335	330
153	135	177
205	212	188
109	180	86
86	68	4
152	170	153
126	177	171
109	179	178
194	192	191
416	64	170
165	169	195
188	181	166
246	232	247
180	191	174
150	186	173
429	237	427
195	235	236
161	205	166
253	167	230
126	233	167
163	253	173
233	171	246
246	0	227
231	232	260
386	421	420
82	421	91
174	425	86
428	239	429
171	162	0
135	196	190
211	205	189
173	269	168
420	150	168
252	269	253
387	168	378
135	170	176
236	197	189
198	196	215
204	211	197
248	203	428
684	882	218
681	683	218
881	681	882
141	215	199
217	209	198
190	162	177
626	219	636
298	307	285
276	297	281
704	204	879
1361	1360	879
198	703	190
703	683	162
673	611	639
587	590	589
197	234	203
583	590	578
141	1361	204
201	704	200
0	683	206
223	1361	243
756	600	876
249	243	229
220	271	1360
861	613	875
291	248	284
228	251	273
182	626	142
255	243	226
248	222	141
231	178	247
183	257	230
602	183	172
181	247	179
239	215	236
237	239	176
234	196	176
64	175	235
419	138	427
235	187	234
311	317	306
316	305	429
308	274	307
228	220	222
260	245	257
259	244	264
181	182	172
172	230	233
229	199	225
251	222	291
279	273	276
276	226	249
257	268	193
193	180	178
290	278	793
271	228	781
583	260	589
231	244	252
486	484	489
245	265	268
244	183	256
582	264	481
555	578	610
540	403	401
245	583	261
475	259	582
392	506	373
383	373	370
252	259	77
77	191	193
314	280	313
782	223	255
275	283	148
250	783	226
286	242	288
277	272	280
250	251	208
279	281	275
-1	293	254
289	250	277
270	275	287
277	208	283
303	284	301
281	286	272
305	282	225
300	207	286
283	285	274
148	-1	280
148	274	-1
279	314	785
314	313	254
304	249	225
308	295	310
433	278	439
317	426	318
292	307	309
785	793	442
208	304	300
299	315	207
300	303	298
299	285	297
316	315	282
312	320	309
304	282	299
297	291	303
284	428	241
312	240	318
242	207	295
242	292	-1
295	311	302
292	320	-1
309	315	240
306	323	302
270	-1	290
270	290	289
311	298	301
301	241	317
240	316	294
306	294	140
147	352	360
2	310	302
140	144	350
332	139	342
312	350	361
344	349	334
333	16	363
12	329	362
803	-1	467
330	157	443
326	331	160
160	328	444
799	797	329
322	28	9
325	362	25
345	324	353
336	9	160
335	797	139
139	343	338
346	337	344
1	351	344
357	354	349
137	446	144
346	131	322
436	1	337
324	338	339
346	334	446
342	338	345
798	436	364
-1	449	355
324	7	340
321	354	323
339	450	7
319	359	-1
354	144	334
353	340	350
452	348	358
358	449	7
359	147	340
355	356	450
357	449	352
319	-1	2
147	2	323
333	365	326
365	325	-1
799	801	347
362	363	462
102	103	94
113	370	368
376	367	506
471	402	480
94	267	367
393	377	390
383	470	385
266	267	385
114	390	395
396	379	104
110	368	381
371	391	395
194	469	472
115	375	397
475	478	471
537	398	376
393	401	779
267	386	372
396	394	397
372	479	373
383	100	184
194	470	420
473	515	478
778	1071	780
374	398	371
404	377	779
497	502	266
406	382	371
404	-1	384
377	396	374
375	395	384
384	-1	379
390	381	400
826	504	411
398	538	406
778	382	263
478	476	369
410	1070	263
394	391	405
404	780	-1
393	400	540
504	410	815
476	497	479
1073	826	832
403	511	407
412	832	399
829	411	694
830	836	834
116	105	92
92	112	115
169	152	69
418	146	69
417	124	136
136	238	146
192	387	184
184	185	423
90	424	78
150	421	78
422	75	70
78	70	186
427	145	294
426	175	238
305	199	187
241	187	175
781	783	786
888	709	887
441	439	899
435	293	437
901	894	891
794	793	433
343	797	347
441	1165	433
903	1164	893
-1	432	293
782	781	710
432	1166	437
296	794	786
26	22	328
159	25	330
119	130	143
131	345	341
798	801	461
458	450	451
348	359	356
351	448	358
798	448	1
458	457	355
466	1380	-1
455	23	464
459	454	-1
458	461	459
459	-1	452
456	452	448
455	457	456
466	804	810
456	447	23
800	365	803
804	1363	465
1363	1362	454
463	805	814
453	1362	460
807	327	808
804	807	806
77	471	378
472	372	387
380	369	469
378	480	470
477	484	388
502	505	512
265	477	380
402	503	408
475	489	473
380	388	402
480	408	385
479	472	369
261	578	577
494	484	487
581	489	582
482	473	258
563	553	545
490	499	258
482	499	514
815	8	536
258	477	483
581	551	486
580	564	563
594	530	561
494	518	515
482	507	493
856	855	525
823	1098	1095
501	392	408
501	852	502
486	513	487
516	501	503
497	500	498
498	474	392
500	476	515
407	694	399
851	474	852
368	266	512
517	510	494
517	529	531
522	532	534
518	507	522
540	539	410
474	537	506
549	854	499
854	853	487
503	388	493
518	534	500
853	508	507
510	516	493
524	523	594
524	1094	531
594	573	1095
510	531	509
519	529	548
520	519	1099
854	544	495
596	585	858
1099	1098	1093
8	534	821
508	855	523
585	492	548
522	508	520
1094	533	509
822	821	532
528	516	509
857	5	865
818	488	819
538	381	512
537	539	400
538	851	511
263	406	511
543	5	544
857	570	544
541	549	545
542	525	541
485	557	543
635	560	566
606	858	857
530	523	856
513	552	543
5	557	701
552	490	556
551	563	549
877	485	564
670	643	1377
576	575	262
572	551	575
545	877	550
726	1378	654
571	601	580
702	546	621
573	492	574
585	867	574
485	552	491
491	588	553
576	608	571
546	588	634
701	866	865
569	620	597
568	868	591
856	542	858
565	609	559
580	556	576
561	691	521
561	562	599
556	577	555
555	565	572
575	581	481
216	262	481
608	860	859
559	491	572
577	490	483
265	261	483
256	216	264
860	610	590
562	530	526
597	652	663
605	214	603
564	601	566
256	602	214
216	214	584
569	867	596
868	658	672
599	668	691
521	519	492
817	691	871
863	591	526
586	643	568
-1	1371	1370
593	574	692
622	221	697
616	588	559
589	232	142
612	587	142
637	612	626
861	587	862
863	547	864
620	752	655
565	610	579
571	859	615
608	262	584
213	860	861
604	862	603
627	224	862
699	665	679
644	616	609
601	615	617
623	634	616
682	686	636
622	6	623
607	568	628
648	680	560
619	644	600
632	617	619
679	677	633
916	912	769
206	604	227
695	613	637
863	640	620
670	870	869
682	1171	685
762	1170	1169
623	676	678
624	678	732
566	617	677
679	648	546
206	681	618
604	686	627
686	685	690
213	875	876
628	864	723
866	649	740
1368	1372	664
554	868	597
615	673	622
6	697	675
698	676	6
1236	1243	1244
635	766	621
641	878	680
884	950	952
795	889	947
655	654	586
669	715	1378
652	661	558
607	751	652
1371	1364	1372
669	714	727
592	670	1367
669	-1	713
869	713	-1
654	751	728
909	912	-1
1377	586	1378
1364	1300	642
733	700	614
1376	872	871
714	769	909
871	593	671
653	657	659
554	629	658
672	1366	668
692	592	671
644	859	213
712	876	875
763	730	645
646	731	632
678	624	634
633	677	632
624	614	635
649	621	721
636	201	202
881	630	618
212	201	219
880	200	879
638	630	708
638	637	618
1171	707	1172
771	725	697
747	948	745
696	695	638
593	595	573
599	867	672
825	841	840
412	504	818
712	627	690
744	747	690
600	688	645
730	1167	646
1252	614	732
665	767	766
567	550	878
877	560	878
704	212	211
703	209	218
883	880	885
883	707	882
706	687	881
685	952	744
898	431	886
784	788	440
948	744	949
695	716	674
659	660	715
667	657	726
870	653	713
712	747	717
756	716	770
1170	934	1168
929	765	1255
1266	1283	1265
680	722	750
739	721	766
640	866	752
890	792	886
757	743	688
558	917	714
657	909	-1
917	661	918
910	918	1225
675	1168	698
1167	734	676
633	735	699
1251	665	1252
735	731	765
734	1253	732
748	738	937
741	772	921
736	1269	1226
722	767	748
753	641	750
753	737	751
1193	758	1194
763	725	759
696	708	711
940	689	889
770	757	771
689	716	696
739	736	773
775	922	921
740	721	772
661	655	741
753	607	723
752	740	741
940	795	758
973	1030	1017
717	771	221
746	758	725
757	754	742
762	743	1193
951	950	953
1194	979	957
759	1036	631
1169	675	743
1194	795	945
734	932	719
722	648	700
700	1269	739
1240	1237	1231
915	625	667
717	940	746
746	688	756
773	737	750
772	748	775
1270	1269	1251
937	749	773
933	1287	1257
914	-1	912
401	1062	389
780	391	382
779	389	405
255	430	440
440	897	271
273	785	430
710	789	1162
783	289	296
430	442	789
899	-1	1082
790	898	710
786	1164	784
1162	891	788
1173	892	887
883	724	1172
296	254	435
435	1165	442
651	764	754
994	964	1176
436	336	331
347	447	451
12	364	331
462	814	813
364	805	447
-1	812	808
-1	327	462
468	460	463
801	813	465
810	468	808
468	814	467
806	467	802
812	811	1380
812	460	806
1379	809	-1
810	802	809
805	12	800
465	800	807
407	851	488
820	819	1092
1091	595	872
694	536	820
536	821	816
831	818	816
819	528	533
1093	1092	533
496	1091	1097
831	1089	829
832	828	693
409	10	399
842	1109	1101
829	847	825
412	824	828
838	1073	413
820	1088	824
409	411	825
1089	1104	847
1077	1072	413
1141	1121	1117
413	840	1076
845	1107	1111
1074	10	830
1072	1071	1074
693	836	1073
693	848	842
841	827	1076
848	847	1103
1314	-1	1344
837	1109	848
1292	1105	-1
843	828	833
843	845	841
1102	873	1112
1106	1110	1309
815	539	505
505	498	8
855	517	514
514	513	525
529	853	495
495	570	548
542	535	547
547	526	570
673	609	579
579	584	611
224	611	605
605	612	613
628	596	606
606	865	640
864	535	567
567	641	723
692	562	591
569	643	592
660	1369	629
1377	715	629
595	668	666
666	1294	817
1096	1296	849
1096	1089	1097
639	224	674
639	674	221
557	553	702
702	649	701
684	209	210
684	1360	705
707	682	202
706	202	200
706	705	792
650	1172	953
705	897	886
709	724	885
891	791	431
890	431	892
745	946	651
888	953	724
790	434	887
954	888	791
438	1166	1078
900	434	902
896	951	976
949	895	941
898	885	782
709	897	788
432	787	1290
908	1173	894
434	903	1289
1288	905	894
901	1162	438
1291	1290	907
902	1177	1179
996	1006	991
1080	1079	904
1174	900	1179
662	727	667
915	729	916
923	922	1222
625	777	662
916	1214	914
777	913	924
769	917	910
625	910	913
915	726	728
921	729	728
1213	1336	-1
1219	1230	1237
918	737	749
911	1225	749
1216	1224	911
1211	1055	914
1214	1224	1211
1252	1247	1243
1050	1068	1276
938	932	1053
719	1254	1253
1024	1014	1019
1046	936	933
765	934	928
776	931	1286
932	1167	718
988	1042	1041
1034	931	1053
736	1222	775
928	1046	1255
1286	1051	1287
754	770	745
946	896	947
961	959	962
960	967	971
963	975	976
974	764	978
889	948	941
651	941	975
946	689	711
950	896	711
949	650	760
955	895	760
708	1171	650
884	890	760
955	892	959
954	961	951
976	961	977
983	1028	761
959	1173	1175
958	942	954
943	966	998
956	955	942
942	966	971
944	977	970
1175	796	966
1202	1049	1201
962	964	960
990	943	987
1179	1182	1176
1001	992	1010
980	963	990
943	977	962
974	981	1003
1029	755	991
972	979	945
978	947	944
944	895	956
963	956	971
975	980	945
1020	761	974
981	978	970
980	984	972
984	1005	1017
1035	957	1014
981	986	982
995	993	1005
984	990	995
967	1190	1001
935	1044	1170
1035	1027	1038
967	986	970
1005	906	973
1183	969	1190
985	1004	1011
1184	796	1185
986	1196	985
1011	1328	906
1331	1197	1330
960	1184	1190
1007	1323	-1
1356	1004	1323
987	969	1196
1018	1020	1003
1002	972	1017
1009	1000	993
991	982	985
1327	1031	906
1353	999	1324
1356	1353	1357
1010	1004	1196
1009	969	1319
993	1356	996
1039	1195	1201
1333	-1	1358
1020	930	983
1199	1329	1031
1039	1024	1021
1003	982	755
1030	1019	1002
1021	930	1018
1002	1014	979
1016	1019	1032
1048	1210	1065
1030	1029	1032
1027	930	1016
1386	1204	1358
1049	1037	1039
1024	1037	989
1193	957	1036
973	1031	1023
1023	1018	755
1029	1006	1015
1329	1021	1023
1037	1047	1038
1054	1048	936
983	989	1042
1028	1042	762
1027	1026	1033
1033	1041	989
1016	1012	1026
1383	1382	1381
1038	1043	935
1036	1035	935
1041	1045	1054
1054	1053	988
1043	1047	1210
1340	938	931
1033	1209	1045
1286	1034	1022
1026	965	1066
1275	927	1272
1058	939	1067
1339	1264	1057
936	928	1044
1044	1043	1034
-1	924	1213
1238	1244	1245
1052	1059	1266
1051	1060	1261
1278	1281	1057
1063	1068	1058
1231	1235	1338
778	1070	1074
1060	1208	1271
1280	1258	1239
1067	1022	1381
1049	1205	1206
1065	1208	1051
1342	1060	927
1261	1342	1284
1062	403	10
839	-1	389
834	-1	839
830	409	840
1062	838	839
1076	1293	1292
1075	836	842
1292	-1	834
1289	893	1291
1318	1083	907
1085	907	1082
1188	1186	1185
1084	1080	787
1291	1079	1317
1085	1082	-1
1086	1080	1084
1318	1085	-1
1180	1318	1349
1090	1097	831
824	874	833
1088	1092	1098
817	1096	823
1090	816	822
822	1094	527
532	520	1093
521	496	1099
1091	873	874
823	874	1088
496	1090	527
527	524	1095
1305	1309	1112
1124	1293	827
849	1110	1104
1107	843	1104
1103	833	1102
846	1293	1125
1111	850	1128
1110	837	1103
1122	1126	1118
1120	827	845
1107	1102	850
837	1106	1122
849	1297	1100
1115	1297	1302
1306	1142	1116
1299	1305	1113
1127	1114	1304
835	1135	1147
1108	1119	1123
1118	1135	1121
1124	1109	1122
1119	835	1134
1120	1111	1108
1118	1145	1124
1120	1123	1101
1105	1158	-1
1137	1108	1307
1344	1116	1308
1106	1316	1307
1304	1307	1310
1150	1144	1156
1138	1137	1304
-1	1146	1142
1148	1157	1136
1145	1121	1156
1119	1137	1117
1153	1149	1133
1135	1126	1131
1142	1147	1131
1146	1149	1147
1160	1154	1159
1149	1151	835
1138	1114	1132
1152	1154	1150
1130	-1	1158
1123	1134	1158
1132	1148	1139
1139	1117	1138
1146	-1	1133
1139	1136	1141
1130	1143	-1
1141	1152	1156
1151	1153	1143
1159	1152	1136
-1	1143	1140
-1	1163	1157
1151	1130	1134
1133	1155	1159
1144	1125	1145
1140	1153	1157
1140	1163	-1
-1	-1	1163
903	790	784
1160	1155	1161
789	1165	438
1164	794	437
441	1290	893
934	731	698
730	1169	718
1168	763	631
718	631	988
952	630	687
687	792	884
791	900	958
908	1176	1175
964	958	1174
1174	968	796
1180	1182	905
1182	1349	1348
968	908	905
1087	1177	1317
-1	1346	1320
1177	1178	968
1321	992	1186
1186	998	994
994	1348	1081
1081	1183	1184
-1	1320	1349
1347	1189	1081
1321	1188	1346
992	987	998
1319	1321	1351
1322	1323	1319
1028	759	742
742	764	761
1332	1012	1329
1009	995	1001
997	1354	-1
1207	-1	1384
1332	1015	1331
1334	1384	1335
1012	1203	965
1205	965	1204
1201	1359	1358
1025	1387	1202
1383	1066	1202
1381	1209	1066
1387	1198	1385
1067	1382	1063
1210	1047	1206
1209	1022	1045
1218	924	925
1274	1273	1335
1218	919	1055
913	1225	925
1336	1242	-1
923	1223	1219
1224	1219	1220
1211	1220	1213
1217	1216	920
1221	1218	1217
1220	1337	1336
1223	911	937
1227	1216	1222
923	1217	925
1214	729	922
738	1270	1227
1226	1232	1223
1232	1234	1235
1242	1240	-1
1232	1231	920
1230	1061	768
1227	1228	1230
1240	1338	1246
1236	1238	1228
1061	1228	1241
1270	647	1234
920	768	1337
1234	1056	1241
1340	1257	1064
768	1233	1229
1264	1235	1238
1215	1337	1229
926	647	1251
1248	1056	647
1262	1056	1258
1268	-1	1233
1249	926	1253
1249	1250	1244
1254	1248	1247
1248	1256	1258
1243	774	733
733	699	926
1247	735	929
1341	1249	929
938	1341	719
1340	1250	1341
776	1260	1239
1064	1245	1250
1274	1272	1276
1267	1257	1284
1069	1287	1058
1278	1264	1245
1342	1285	1343
1052	1241	1262
1268	720	-1
720	1057	1279
1260	1281	1280
1246	1339	1265
738	767	774
774	1236	1226
1063	1273	1276
1050	1259	-1
1271	1334	1212
1212	-1	1259
1285	1050	-1
927	1271	1259
1282	1285	1283
1262	1280	1059
1282	1266	1281
1278	1064	1267
1059	1267	1279
1279	1343	1277
720	1277	-1
1069	1343	1260
1263	1275	1277
933	1048	939
939	1261	776
1289	1317	902
1288	901	1078
1166	899	904
904	1083	1078
846	1077	1075
1075	1101	1105
1296	872	1298
1301	1313	1299
873	1294	1297
1112	1296	1113
1294	1375	1302
1345	1115	1295
1366	664	1376
1295	1302	1311
1298	1301	1113
-1	1313	1373
1129	1116	1131
1315	1100	1115
1114	1344	-1
1128	1129	1126
1345	1127	1310
1100	1316	850
1129	1315	1308
1374	1373	1301
1314	1313	-1
1295	1303	1312
1312	844	1345
1316	1305	1310
1315	1128	1309
1288	1083	1180
1079	1086	1087
1192	1010	1191
1347	1187	1181
1189	1191	1183
1192	1351	-1
1000	1192	999
-1	1352	1007
1354	1352	-1
1357	1355	1354
1328	1331	1006
996	1357	1327
1195	1032	1015
-1	1333	997
1327	997	1199
1195	1199	1359
1013	1359	1330
1273	1382	1200
1212	1200	-1
1215	919	1221
1221	1237	1242
1339	1233	1061
1338	1052	1268
1046	1239	1256
1256	1254	1255
1069	1068	1263
1263	1282	1284
1306	1127	844
1308	1299	1314
1350	1189	1181
1188	1348	1320
1347	1185	1178
1178	1087	1187
1351	1346	-1
1322	1191	1350
1324	1325	1355
1355	1008	1007
1325	1197	1326
1326	1353	1352
1011	1000	1008
1008	1326	1328
1013	1025	1203
1203	1332	1333
223	880	210
210	217	220
466	-1	464
23	463	464
1374	664	656
1370	1369	-1
1367	1300	671
1368	1366	658
1367	1369	642
1368	869	1365
1365	598	1372
598	1373	656
656	642	1370
1371	1303	1311
1375	1364	1311
1376	1374	1298
1300	1375	666
870	554	663
663	558	653
1380	811	-1
1379	453	809
1065	1206	1040
1040	1334	1208
1205	1385	1040
1385	1198	1200
1384	1383	1207
1387	1025	-1
1386	1207	1204