145 146 147
148 149 150
151 152 153
154 155 156
157 158 159
160 161 162
163 164 165
166 167 168
169 170 171
172 173 174
175 176 177
178 179 180
181 182 183
184 185 186
187 188 189
190 191 192
193 194 195
196 197 198
199 200 201
202 203 204
205 206 207
208 209 210
211 212 213
214 215 216
217 218 219
220 221 222
223 224 225
226 227 228
229 230 231
232 233 234
235 236 237
238 239 240
241 242 243
244 245 246
247 248 249
250 251 252
253 254 255
256 257 258
259 260 261
262 263 264
265 266 267
268 269 270
271 272 273
274 275 276
277 278 279
280 281 282
283 284 285
286 287 288
289 290 291
292 293 294
295 296 297
298 299 300
301 302 303
304 305 306
307 308 309
310 311 312
313 314 315
316 317 318
319 320 321
322 323 324
325 326 327
328 329 330
331 332 333
334 335 336
145 337 338
146 339 340
147 341 342
148 343 344
149 345 346
150 347 348
151 349 350
152 351 352
153 353 354
154 355 356
155 357 358
156 359 360
157 361 362
158 363 364
159 365 366
160 367 368
161 369 370
162 371 372
163 373 374
164 375 376
165 377 378
166 379 380
167 381 382
168 383 384
169 385 386
170 387 388
171 389 390
172 391 392
173 393 394
174 395 396
175 397 398
176 399 400
177 401 402
178 403 404
179 405 406
180 407 408
181 409 410
182 411 412
183 413 414
184 415 416
185 417 418
186 419 420
187 421 422
188 423 424
189 425 426
190 427 428
191 429 430
192 431 432
193 433 434
194 435 341
195 340 436
196 437 438
197 439 337
198 342 440
199 441 442
200 443 339
201 338 444
202 445 446
203 447 347
204 346 448
205 449 450
206 451 343
207 348 452
208 453 454
209 455 345
210 344 456
211 457 458
212 459 353
213 352 460
214 461 462
215 463 349
216 354 464
217 465 466
218 467 351
219 350 468
220 469 470
221 471 359
222 358 472
223 473 474
224 475 355
225 360 476
226 477 478
227 479 357
228 356 480
229 481 482
230 483 365
231 364 484
232 485 441
233 444 361
234 366 486
235 438 487
236 488 363
237 362 439
238 489 490
239 491 371
240 370 492
241 493 433
242 436 367
243 372 494
244 442 495
245 496 369
246 368 443
247 497 498
248 499 377
249 376 500
250 501 437
251 440 373
252 378 502
253 434 503
254 504 375
255 374 435
256 482 505
257 506 383
258 382 483
259 507 453
260 456 379
261 384 508
262 450 485
263 486 381
264 380 451
265 509 510
266 511 389
267 388 512
268 513 445
269 448 385
270 390 514
271 454 515
272 516 387
273 386 455
274 517 489
275 492 395
276 394 518
277 495 449
278 452 391
279 396 496
280 446 519
281 520 393
282 392 447
283 510 521
284 522 401
285 400 511
286 523 465
287 468 397
288 402 524
289 462 513
290 514 399
291 398 463
292 525 526
293 527 407
294 406 528
295 529 457
296 460 403
297 408 530
298 466 531
299 532 405
300 404 467
301 533 517
302 518 413
303 412 534
304 519 461
305 464 409
306 414 520
307 458 535
308 536 411
309 410 459
310 526 537
311 538 419
312 418 527
313 539 477
314 480 415
315 420 540
316 474 529
317 530 417
318 416 475
319 541 497
320 500 425
321 424 542
322 503 469
323 472 421
324 426 504
325 478 543
326 544 423
327 422 479
328 490 533
329 534 431
330 430 491
331 535 473
332 476 427
333 432 536
334 470 493
335 494 429
336 428 471
41 147 146
42 145 147
43 146 145
44 150 149
45 148 150
46 149 148
47 153 152
48 151 153
49 152 151
50 156 155
51 154 156
52 155 154
53 159 158
54 157 159
55 158 157
56 162 161
57 160 162
58 161 160
59 165 164
60 163 165
61 164 163
62 168 167
63 166 168
64 167 166
65 171 170
66 169 171
67 170 169
68 174 173
69 172 174
70 173 172
71 177 176
72 175 177
73 176 175
74 180 179
75 178 180
76 179 178
77 183 182
78 181 183
79 182 181
80 186 185
81 184 186
82 185 184
83 189 188
84 187 189
85 188 187
86 192 191
87 190 192
88 191 190
41 195 194
89 193 195
90 194 193
42 198 197
91 196 198
92 197 196
43 201 200
93 199 201
94 200 199
44 204 203
95 202 204
96 203 202
45 207 206
97 205 207
98 206 205
46 210 209
99 208 210
100 209 208
47 213 212
101 211 213
102 212 211
48 216 215
103 214 216
104 215 214
49 219 218
105 217 219
106 218 217
50 222 221
107 220 222
108 221 220
51 225 224
109 223 225
110 224 223
52 228 227
111 226 228
112 227 226
53 231 230
113 229 231
114 230 229
54 234 233
115 232 234
93 233 232
55 237 236
92 235 237
116 236 235
56 240 239
117 238 240
118 239 238
57 243 242
119 241 243
89 242 241
58 246 245
94 244 246
120 245 244
59 249 248
121 247 249
122 248 247
60 252 251
123 250 252
91 251 250
61 255 254
90 253 255
124 254 253
62 258 257
114 256 258
125 257 256
63 261 260
126 259 261
99 260 259
64 264 263
98 262 264
115 263 262
65 267 266
127 265 267
128 266 265
66 270 269
129 268 270
95 269 268
67 273 272
100 271 273
130 272 271
68 276 275
131 274 276
117 275 274
69 279 278
120 277 279
97 278 277
70 282 281
96 280 282
132 281 280
71 285 284
128 283 285
133 284 283
72 288 287
134 286 288
105 287 286
73 291 290
104 289 291
129 290 289
74 294 293
135 292 294
136 293 292
75 297 296
137 295 297
101 296 295
76 300 299
106 298 300
138 299 298
77 303 302
139 301 303
131 302 301
78 306 305
132 304 306
103 305 304
79 309 308
102 307 309
140 308 307
80 312 311
136 310 312
141 311 310
81 315 314
142 313 315
111 314 313
82 318 317
110 316 318
137 317 316
83 321 320
143 319 321
121 320 319
84 324 323
124 322 324
107 323 322
85 327 326
112 325 327
144 326 325
86 330 329
118 328 330
139 329 328
87 333 332
140 331 333
109 332 331
88 336 335
108 334 336
119 335 334
13 338 337
43 145 338
42 337 145
14 340 339
41 146 340
43 339 146
15 342 341
42 147 342
41 341 147
16 344 343
46 148 344
45 343 148
17 346 345
44 149 346
46 345 149
18 348 347
45 150 348
44 347 150
19 350 349
49 151 350
48 349 151
20 352 351
47 152 352
49 351 152
21 354 353
48 153 354
47 353 153
22 356 355
52 154 356
51 355 154
23 358 357
50 155 358
52 357 155
24 360 359
51 156 360
50 359 156
13 362 361
55 157 362
54 361 157
25 364 363
53 158 364
55 363 158
26 366 365
54 159 366
53 365 159
14 368 367
58 160 368
57 367 160
27 370 369
56 161 370
58 369 161
28 372 371
57 162 372
56 371 162
15 374 373
61 163 374
60 373 163
29 376 375
59 164 376
61 375 164
30 378 377
60 165 378
59 377 165
16 380 379
64 166 380
63 379 166
26 382 381
62 167 382
64 381 167
31 384 383
63 168 384
62 383 168
17 386 385
67 169 386
66 385 169
32 388 387
65 170 388
67 387 170
33 390 389
66 171 390
65 389 171
18 392 391
70 172 392
69 391 172
34 394 393
68 173 394
70 393 173
27 396 395
69 174 396
68 395 174
19 398 397
73 175 398
72 397 175
33 400 399
71 176 400
73 399 176
35 402 401
72 177 402
71 401 177
20 404 403
76 178 404
75 403 178
36 406 405
74 179 406
76 405 179
37 408 407
75 180 408
74 407 180
21 410 409
79 181 410
78 409 181
38 412 411
77 182 412
79 411 182
34 414 413
78 183 414
77 413 183
22 416 415
82 184 416
81 415 184
37 418 417
80 185 418
82 417 185
39 420 419
81 186 420
80 419 186
23 422 421
85 187 422
84 421 187
40 424 423
83 188 424
85 423 188
29 426 425
84 189 426
83 425 189
24 428 427
88 190 428
87 427 190
28 430 429
86 191 430
88 429 191
38 432 431
87 192 432
86 431 192
5 434 433
90 193 434
89 433 193
15 341 435
41 194 341
90 435 194
14 436 340
89 195 436
41 340 195
6 438 437
92 196 438
91 437 196
13 337 439
42 197 337
92 439 197
15 440 342
91 198 440
42 342 198
7 442 441
94 199 442
93 441 199
14 339 443
43 200 339
94 443 200
13 444 338
93 201 444
43 338 201
8 446 445
96 202 446
95 445 202
18 347 447
44 203 347
96 447 203
17 448 346
95 204 448
44 346 204
7 450 449
98 205 450
97 449 205
16 343 451
45 206 343
98 451 206
18 452 348
97 207 452
45 348 207
9 454 453
100 208 454
99 453 208
17 345 455
46 209 345
100 455 209
16 456 344
99 210 456
46 344 210
10 458 457
102 211 458
101 457 211
21 353 459
47 212 353
102 459 212
20 460 352
101 213 460
47 352 213
8 462 461
104 214 462
103 461 214
19 349 463
48 215 349
104 463 215
21 464 354
103 216 464
48 354 216
11 466 465
106 217 466
105 465 217
20 351 467
49 218 351
106 467 218
19 468 350
105 219 468
49 350 219
5 470 469
108 220 470
107 469 220
24 359 471
50 221 359
108 471 221
23 472 358
107 222 472
50 358 222
10 474 473
110 223 474
109 473 223
22 355 475
51 224 355
110 475 224
24 476 360
109 225 476
51 360 225
12 478 477
112 226 478
111 477 226
23 357 479
52 227 357
112 479 227
22 480 356
111 228 480
52 356 228
0 482 481
114 229 482
113 481 229
26 365 483
53 230 365
114 483 230
25 484 364
113 231 484
53 364 231
7 441 485
93 232 441
115 485 232
13 361 444
54 233 361
93 444 233
26 486 366
115 234 486
54 366 234
6 487 438
116 235 487
92 438 235
25 363 488
55 236 363
116 488 236
13 439 362
92 237 439
55 362 237
1 490 489
118 238 490
117 489 238
28 371 491
56 239 371
118 491 239
27 492 370
117 240 492
56 370 240
5 433 493
89 241 433
119 493 241
14 367 436
57 242 367
89 436 242
28 494 372
119 243 494
57 372 243
7 495 442
120 244 495
94 442 244
27 369 496
58 245 369
120 496 245
14 443 368
94 246 443
58 368 246
2 498 497
122 247 498
121 497 247
30 377 499
59 248 377
122 499 248
29 500 376
121 249 500
59 376 249
6 437 501
91 250 437
123 501 250
15 373 440
60 251 373
91 440 251
30 502 378
123 252 502
60 378 252
5 503 434
124 253 503
90 434 253
29 375 504
61 254 375
124 504 254
15 435 374
90 255 435
61 374 255
0 505 482
125 256 505
114 482 256
31 383 506
62 257 383
125 506 257
26 483 382
114 258 483
62 382 258
9 453 507
99 259 453
126 507 259
16 379 456
63 260 379
99 456 260
31 508 384
126 261 508
63 384 261
7 485 450
115 262 485
98 450 262
26 381 486
64 263 381
115 486 263
16 451 380
98 264 451
64 380 264
4 510 509
128 265 510
127 509 265
33 389 511
65 266 389
128 511 266
32 512 388
127 267 512
65 388 267
8 445 513
95 268 445
129 513 268
17 385 448
66 269 385
95 448 269
33 514 390
129 270 514
66 390 270
9 515 454
130 271 515
100 454 271
32 387 516
67 272 387
130 516 272
17 455 386
100 273 455
67 386 273
1 489 517
117 274 489
131 517 274
27 395 492
68 275 395
117 492 275
34 518 394
131 276 518
68 394 276
7 449 495
97 277 449
120 495 277
18 391 452
69 278 391
97 452 278
27 496 396
120 279 496
69 396 279
8 519 446
132 280 519
96 446 280
34 393 520
70 281 393
132 520 281
18 447 392
96 282 447
70 392 282
4 521 510
133 283 521
128 510 283
35 401 522
71 284 401
133 522 284
33 511 400
128 285 511
71 400 285
11 465 523
105 286 465
134 523 286
19 397 468
72 287 397
105 468 287
35 524 402
134 288 524
72 402 288
8 513 462
129 289 513
104 462 289
33 399 514
73 290 399
129 514 290
19 463 398
104 291 463
73 398 291
3 526 525
136 292 526
135 525 292
37 407 527
74 293 407
136 527 293
36 528 406
135 294 528
74 406 294
10 457 529
101 295 457
137 529 295
20 403 460
75 296 403
101 460 296
37 530 408
137 297 530
75 408 297
11 531 466
138 298 531
106 466 298
36 405 532
76 299 405
138 532 299
20 467 404
106 300 467
76 404 300
1 517 533
131 301 517
139 533 301
34 413 518
77 302 413
131 518 302
38 534 412
139 303 534
77 412 303
8 461 519
103 304 461
132 519 304
21 409 464
78 305 409
103 464 305
34 520 414
132 306 520
78 414 306
10 535 458
140 307 535
102 458 307
38 411 536
79 308 411
140 536 308
21 459 410
102 309 459
79 410 309
3 537 526
141 310 537
136 526 310
39 419 538
80 311 419
141 538 311
37 527 418
136 312 527
80 418 312
12 477 539
111 313 477
142 539 313
22 415 480
81 314 415
111 480 314
39 540 420
142 315 540
81 420 315
10 529 474
137 316 529
110 474 316
37 417 530
82 317 417
137 530 317
22 475 416
110 318 475
82 416 318
2 497 541
121 319 497
143 541 319
29 425 500
83 320 425
121 500 320
40 542 424
143 321 542
83 424 321
5 469 503
107 322 469
124 503 322
23 421 472
84 323 421
107 472 323
29 504 426
124 324 504
84 426 324
12 543 478
144 325 543
112 478 325
40 423 544
85 326 423
144 544 326
23 479 422
112 327 479
85 422 327
1 533 490
139 328 533
118 490 328
38 431 534
86 329 431
139 534 329
28 491 430
118 330 491
86 430 330
10 473 535
109 331 473
140 535 331
24 427 476
87 332 427
109 476 332
38 536 432
140 333 536
87 432 333
5 493 470
119 334 493
108 470 334
28 429 494
88 335 429
119 494 335
24 471 428
108 336 471
88 428 336
