+1.976667210200679e+00
+9.972984488807094e-01
+1.976667210200686e+00
+1.976667210200680e+00
+1.976667210200672e+00
+1.216666614686055e+00
+1.945781308896645e+00
+1.216666614686051e+00
+1.216666614686048e+00
+1.945781308896638e+00
+1.216666614686052e+00
+1.945781308896636e+00
+1.945781308896646e+00
+1.451007299169206e+00
+1.095658702618586e+00
+1.451007299169208e+00
+1.451007299169203e+00
+1.451007299169200e+00
+1.095658702618584e+00
+1.451007299169200e+00
+1.451007299169202e+00
+1.095658702618582e+00
+1.451007299169207e+00
+1.451007299169208e+00
+1.095658702618587e+00
+1.951577970160596e+00
+1.524683540392124e+00
+1.038926015047269e+00
+1.038926015047271e+00
+1.524683540392130e+00
+1.951577970160601e+00
+1.951577970160593e+00
+1.951577970160589e+00
+1.524683540392118e+00
+1.038926015047268e+00
+1.951577970160588e+00
+1.951577970160593e+00
+1.524683540392125e+00
+1.038926015047269e+00
+1.951577970160598e+00
+1.951577970160601e+00
