+2.000267207436580e+00
+1.000970550919391e+00
+2.000267207434233e+00
+2.000267207433958e+00
+2.000267207436256e+00
+1.247817716397930e+00
+1.996529636915880e+00
+1.247817716399344e+00
+1.247817716399135e+00
+1.996529636917465e+00
+1.247817716397982e+00
+1.996529636915582e+00
+1.996529636914038e+00
+1.487013382227660e+00
+1.123188906843838e+00
+1.487013382227011e+00
+1.487013382228406e+00
+1.487013382228386e+00
+1.123188906844515e+00
+1.487013382227401e+00
+1.487013382226873e+00
+1.123188906843807e+00
+1.487013382226003e+00
+1.487013382226028e+00
+1.123188906843142e+00
+1.996878525627883e+00
+1.559748610080057e+00
+1.060981129541394e+00
+1.060981129540648e+00
+1.559748610078126e+00
+1.996878525626588e+00
+1.996878525628698e+00
+1.996878525628591e+00
+1.559748610079708e+00
+1.060981129541338e+00
+1.996878525627495e+00
+1.996878525626330e+00
+1.559748610078045e+00
+1.060981129540666e+00
+1.996878525625364e+00
+1.996878525625606e+00
+1.271072768918909e+00
+1.455598836881894e+00
+1.271072768919235e+00
+1.271072768919981e+00
+1.271072768920029e+00
+1.455598836882998e+00
+1.271072768918850e+00
+1.271072768919105e+00
+1.455598836881733e+00
+1.271072768918078e+00
+1.271072768918051e+00
+1.455598836880558e+00
+1.734788277978074e+00
+1.486919558970585e+00
+1.715992265120487e+00
+1.030009623442965e+00
+1.076509072741132e+00
+1.076509072741505e+00
+1.734788277976466e+00
+1.715992265119552e+00
+1.486919558969287e+00
+1.734788277978397e+00
+1.715992265121314e+00
+1.486919558970909e+00
+1.734788277978246e+00
+1.486919558970740e+00
+1.715992265121282e+00
+1.030009623443331e+00
+1.076509072741910e+00
+1.076509072741845e+00
+1.734788277977634e+00
+1.715992265120203e+00
+1.486919558970289e+00
+1.734788277976225e+00
+1.486919558969130e+00
+1.715992265119372e+00
+1.030009623442976e+00
+1.076509072741519e+00
+1.076509072741176e+00
+1.734788277975775e+00
+1.715992265118408e+00
+1.486919558968704e+00
+1.734788277975949e+00
+1.486919558968781e+00
+1.715992265118560e+00
+1.030009623442608e+00
+1.076509072740787e+00
+1.076509072740791e+00
+1.154339971765694e+00
+1.333486576525919e+00
+1.707865589374093e+00
+1.707865589374342e+00
+1.333486576526917e+00
+1.154339971766389e+00
+1.333486576527188e+00
+1.154339971766626e+00
+1.154339971766762e+00
+1.333486576527296e+00
+1.707865589375566e+00
+1.707865589375553e+00
+1.333486576525867e+00
+1.154339971765680e+00
+1.154339971766322e+00
+1.333486576526700e+00
+1.707865589374123e+00
+1.707865589373877e+00
+1.333486576525412e+00
+1.154339971765325e+00
+1.154339971765354e+00
+1.333486576525397e+00
+1.707865589372633e+00
+1.707865589372677e+00
+1.997512824492172e+00
+1.763448576648224e+00
+1.388274335738575e+00
+1.996622084900118e+00
+1.014702619651044e+00
+1.014702619650678e+00
+1.138749889839446e+00
+1.138749889840550e+00
+1.763448576646098e+00
+1.997512824490266e+00
+1.996622084899430e+00
+1.388274335736913e+00
+1.997512824492557e+00
+1.996622084901346e+00
+1.997512824492337e+00
+1.763448576647812e+00
+1.388274335738258e+00
+1.996622084901314e+00
+1.014702619651033e+00
+1.138749889840380e+00
+1.997512824491761e+00
+1.996622084899803e+00
+1.997512824489986e+00
+1.763448576645892e+00
+1.388274335736897e+00
+1.996622084899223e+00
+1.014702619650685e+00
+1.138749889839442e+00
+1.997512824489566e+00
+1.996622084897850e+00
+1.997512824489765e+00
+1.996622084898042e+00
+1.354868262448385e+00
+1.263267109587167e+00
+1.354868262448251e+00
+1.354868262449350e+00
+1.354868262449351e+00
+1.263267109588132e+00
+1.354868262448256e+00
+1.354868262448108e+00
+1.263267109587106e+00
+1.354868262447138e+00
+1.354868262447159e+00
+1.263267109586143e+00
+1.590500486823037e+00
+1.716199653873476e+00
+1.604333721574239e+00
+1.068739507587566e+00
+1.049343161686795e+00
+1.049343161686579e+00
+1.590500486821904e+00
+1.604333721572760e+00
+1.716199653872226e+00
+1.590500486823570e+00
+1.604333721574524e+00
+1.716199653874003e+00
+1.590500486823507e+00
+1.716199653873943e+00
+1.604333721574392e+00
+1.068739507588116e+00
+1.049343161687150e+00
+1.049343161687149e+00
+1.590500486822701e+00
+1.604333721573839e+00
+1.716199653873103e+00
+1.590500486821709e+00
+1.716199653871975e+00
+1.604333721572574e+00
+1.068739507587585e+00
+1.049343161686634e+00
+1.049343161686778e+00
+1.590500486821026e+00
+1.604333721572121e+00
+1.716199653871269e+00
+1.590500486821122e+00
+1.716199653871418e+00
+1.604333721572259e+00
+1.068739507587041e+00
+1.049343161686261e+00
+1.049343161686231e+00
+1.235410613310610e+00
+1.294481400752874e+00
+1.204226953508716e+00
+1.700025692566932e+00
+1.573258899860750e+00
+1.573258899860591e+00
+1.235410613311415e+00
+1.204226953509217e+00
+1.294481400753574e+00
+1.235410613311683e+00
+1.204226953509731e+00
+1.294481400754102e+00
+1.235410613311805e+00
+1.294481400754186e+00
+1.204226953509843e+00
+1.700025692568282e+00
+1.573258899861958e+00
+1.573258899861911e+00
+1.235410613310549e+00
+1.204226953508700e+00
+1.294481400752875e+00
+1.235410613311282e+00
+1.294481400753430e+00
+1.204226953509159e+00
+1.700025692566707e+00
+1.573258899860474e+00
+1.573258899860594e+00
+1.235410613310123e+00
+1.204226953508108e+00
+1.294481400752235e+00
+1.235410613310124e+00
+1.294481400752229e+00
+1.204226953508104e+00
+1.700025692565322e+00
+1.573258899859243e+00
+1.573258899859226e+00
+1.868606177080751e+00
+1.739654449640689e+00
+1.860943002124716e+00
+1.351743874185637e+00
+1.406288982704757e+00
+1.429118310791680e+00
+1.844319482327228e+00
+1.846429545091410e+00
+1.702419314544330e+00
+1.007125283772179e+00
+1.018487885119585e+00
+1.018487885119770e+00
+1.142648198041227e+00
+1.111509017752433e+00
+1.099834557837420e+00
+1.142648198042125e+00
+1.099834557838148e+00
+1.111509017752972e+00
+1.868606177078681e+00
+1.860943002122974e+00
+1.739654449638770e+00
+1.844319482326733e+00
+1.702419314543670e+00
+1.846429545090592e+00
+1.351743874184329e+00
+1.429118310790191e+00
+1.406288982703617e+00
+1.868606177080889e+00
+1.860943002125117e+00
+1.739654449640840e+00
+1.844319482328405e+00
+1.702419314545252e+00
+1.846429545092383e+00
+1.351743874185829e+00
+1.429118310791825e+00
+1.406288982705061e+00
+1.868606177080648e+00
+1.739654449640601e+00
+1.860943002124902e+00
+1.351743874185568e+00
+1.406288982704924e+00
+1.429118310791575e+00
+1.844319482328388e+00
+1.846429545092390e+00
+1.702419314545284e+00
+1.007125283772361e+00
+1.018487885119954e+00
+1.018487885119944e+00
+1.142648198042294e+00
+1.111509017753356e+00
+1.099834557838340e+00
+1.142648198042144e+00
+1.099834557838231e+00
+1.111509017753253e+00
+1.868606177080302e+00
+1.860943002124300e+00
+1.739654449640231e+00
+1.844319482326905e+00
+1.702419314543989e+00
+1.846429545091088e+00
+1.351743874185380e+00
+1.429118310791324e+00
+1.406288982704478e+00
+1.868606177078453e+00
+1.739654449638618e+00
+1.860943002122735e+00
+1.351743874184247e+00
+1.406288982703486e+00
+1.429118310790105e+00
+1.844319482326531e+00
+1.846429545090357e+00
+1.702419314543489e+00
+1.007125283772182e+00
+1.018487885119767e+00
+1.018487885119596e+00
+1.142648198042006e+00
+1.111509017752939e+00
+1.099834557838081e+00
+1.142648198041208e+00
+1.099834557837425e+00
+1.111509017752440e+00
+1.868606177078191e+00
+1.860943002122281e+00
+1.739654449638334e+00
+1.844319482325204e+00
+1.702419314542373e+00
+1.846429545089197e+00
+1.351743874184024e+00
+1.429118310789865e+00
+1.406288982703050e+00
+1.868606177078477e+00
+1.739654449638570e+00
+1.860943002122472e+00
+1.351743874184013e+00
+1.406288982703090e+00
+1.429118310789920e+00
+1.844319482325342e+00
+1.846429545089404e+00
+1.702419314542531e+00
+1.007125283772001e+00
+1.018487885119411e+00
+1.018487885119410e+00
+1.142648198041057e+00
+1.111509017752090e+00
+1.099834557837251e+00
+1.142648198041042e+00
+1.099834557837243e+00
+1.111509017752082e+00
+1.463438131889731e+00
+1.370509112781656e+00
+1.188635413464390e+00
+1.188635413464205e+00
+1.370509112781175e+00
+1.463438131889438e+00
+1.370509112782445e+00
+1.463438131890720e+00
+1.463438131890667e+00
+1.370509112782409e+00
+1.188635413465052e+00
+1.188635413465124e+00
+1.370509112781486e+00
+1.463438131889542e+00
+1.463438131889299e+00
+1.370509112781093e+00
+1.188635413464128e+00
+1.188635413464297e+00
+1.370509112780230e+00
+1.463438131888236e+00
+1.463438131888321e+00
+1.370509112780265e+00
+1.188635413463454e+00
+1.188635413463448e+00
+1.477765269448744e+00
+1.595007107094149e+00
+1.849971602823084e+00
+1.854838993479099e+00
+1.636410678519252e+00
+1.514325485912664e+00
+1.095947471627196e+00
+1.095947471627384e+00
+1.064859829815411e+00
+1.037737827740123e+00
+1.037737827739750e+00
+1.064859829814852e+00
+1.595007107093388e+00
+1.477765269447684e+00
+1.514325485911040e+00
+1.636410678517428e+00
+1.854838993477643e+00
+1.849971602821953e+00
+1.595007107094903e+00
+1.477765269449172e+00
+1.514325485912849e+00
+1.636410678519373e+00
+1.854838993479674e+00
+1.849971602823851e+00
+1.477765269449166e+00
+1.595007107094919e+00
+1.849971602823820e+00
+1.854838993479523e+00
+1.636410678519098e+00
+1.514325485912544e+00
+1.095947471627947e+00
+1.095947471627911e+00
+1.064859829815554e+00
+1.037737827740283e+00
+1.037737827740315e+00
+1.064859829815615e+00
+1.595007107093870e+00
+1.477765269448398e+00
+1.514325485912329e+00
+1.636410678518805e+00
+1.854838993478691e+00
+1.849971602822728e+00
+1.477765269447580e+00
+1.595007107093165e+00
+1.849971602821720e+00
+1.854838993477396e+00
+1.636410678517297e+00
+1.514325485910940e+00
+1.095947471627396e+00
+1.095947471627229e+00
+1.064859829814889e+00
+1.037737827739772e+00
+1.037737827740111e+00
+1.064859829815387e+00
+1.595007107092244e+00
+1.477765269446901e+00
+1.514325485910647e+00
+1.636410678516977e+00
+1.854838993476689e+00
+1.849971602820766e+00
+1.477765269446964e+00
+1.595007107092380e+00
+1.849971602820963e+00
+1.854838993476920e+00
+1.636410678517169e+00
+1.514325485910804e+00
+1.095947471626674e+00
+1.095947471626680e+00
+1.064859829814684e+00
+1.037737827739578e+00
+1.037737827739581e+00
+1.064859829814686e+00
+1.193291268066258e+00
+1.282190491503858e+00
+1.401735014065125e+00
+1.130975486138029e+00
+1.843720444872947e+00
+1.843720444873118e+00
+1.588908118859113e+00
+1.588908118858648e+00
+1.282190491505018e+00
+1.193291268067304e+00
+1.130975486138398e+00
+1.401735014066007e+00
+1.282190491505039e+00
+1.193291268067289e+00
+1.130975486138880e+00
+1.401735014066491e+00
+1.193291268067448e+00
+1.282190491505204e+00
+1.401735014066500e+00
+1.130975486138959e+00
+1.843720444874456e+00
+1.843720444874473e+00
+1.588908118860044e+00
+1.588908118860028e+00
+1.282190491503813e+00
+1.193291268066231e+00
+1.130975486138051e+00
+1.401735014065064e+00
+1.193291268067145e+00
+1.282190491504831e+00
+1.401735014065713e+00
+1.130975486138381e+00
+1.843720444872800e+00
+1.843720444872706e+00
+1.588908118858456e+00
+1.588908118858831e+00
+1.282190491503556e+00
+1.193291268066042e+00
+1.130975486137520e+00
+1.401735014064400e+00
+1.193291268066085e+00
+1.282190491503583e+00
+1.401735014064367e+00
+1.130975486137507e+00
+1.843720444871287e+00
+1.843720444871318e+00
+1.588908118857463e+00
+1.588908118857404e+00
+1.998253419224830e+00
+1.877557766996735e+00
+1.657748911954435e+00
+1.997157047700597e+00
+1.314152953636331e+00
+1.470166415364565e+00
+1.996562457385517e+00
+1.996720366229128e+00
+1.003574777024218e+00
+1.003574777024037e+00
+1.033883945548972e+00
+1.033883945549528e+00
+1.189381843916401e+00
+1.095944253785130e+00
+1.189381843917647e+00
+1.095944253786050e+00
+1.877557766994498e+00
+1.998253419222672e+00
+1.997157047698989e+00
+1.657748911952400e+00
+1.996562457385155e+00
+1.996720366228149e+00
+1.314152953634808e+00
+1.470166415362771e+00
+1.998253419225002e+00
+1.997157047701171e+00
+1.996562457386934e+00
+1.996720366230117e+00
+1.998253419224743e+00
+1.877557766996391e+00
+1.657748911954035e+00
+1.997157047700997e+00
+1.314152953636083e+00
+1.470166415364211e+00
+1.996562457386924e+00
+1.996720366230130e+00
+1.003574777024217e+00
+1.033883945549500e+00
+1.189381843917481e+00
+1.095944253785949e+00
+1.998253419224381e+00
+1.997157047700148e+00
+1.996562457385165e+00
+1.996720366228782e+00
+1.998253419222371e+00
+1.877557766994254e+00
+1.657748911952237e+00
+1.997157047698676e+00
+1.314152953634830e+00
+1.470166415362680e+00
+1.996562457384906e+00
+1.996720366227899e+00
+1.003574777024040e+00
+1.033883945548985e+00
+1.189381843916429e+00
+1.095944253785138e+00
+1.998253419222185e+00
+1.997157047698013e+00
+1.996562457383430e+00
+1.996720366226706e+00
+1.998253419222461e+00
+1.997157047698238e+00
+1.996562457383567e+00
+1.996720366226953e+00
