Created with the Wolfram Language : www.wolfram.com                     Wolfram 
6             1             1             4             0             
RUA           6             6             12            0             
(26I3)          (40I2)          (3E26.16)           
1  2  6  6  10 12 13 
1 3 4 5 6 1 4 5 6 3 4 1 
1.7000000000000000E+001   4.0000000000000000E+000   1.0000000000000000E+001   
1.2000000000000000E+001   3.0000000000000000E+000   1.3000000000000000E+001   
1.8000000000000000E+001   8.0000000000000000E+000   9.0000000000000000E+000   
1.9000000000000000E+001   1.7000000000000000E+001   4.0000000000000000E+000   
