97 98 99
100 101 102
103 104 105
106 107 108
109 110 111
112 113 114
115 116 117
118 119 120
121 122 123
124 125 126
127 128 129
130 131 132
133 134 135
136 137 138
139 140 141
142 143 144
145 146 147
148 149 150
151 152 153
154 155 156
157 158 159
160 161 162
163 164 165
166 167 168
169 170 171
172 173 174
175 176 177
178 179 180
181 182 183
184 185 186
187 188 189
190 191 192
193 194 195
196 197 198
199 200 201
202 203 204
205 206 207
208 209 210
211 212 213
214 215 216
97 217 218
98 219 220
99 221 222
100 223 224
101 225 226
102 227 228
103 229 230
104 231 232
105 233 234
106 235 236
107 237 238
108 239 240
109 241 242
110 243 244
111 245 246
112 247 248
113 249 250
114 251 252
115 253 254
116 255 256
117 257 258
118 259 260
119 261 262
120 263 264
121 265 266
122 267 268
123 269 270
124 271 272
125 273 274
126 275 276
127 277 278
128 279 221
129 220 280
130 281 282
131 283 217
132 222 284
133 285 286
134 287 219
135 218 288
136 289 290
137 291 227
138 226 292
139 293 294
140 295 223
141 228 296
142 297 298
143 299 225
144 224 300
145 301 302
146 303 233
147 232 304
148 305 306
149 307 229
150 234 308
151 309 310
152 311 231
153 230 312
154 313 309
155 312 239
156 238 314
157 306 285
158 288 235
159 240 307
160 282 315
161 316 237
162 236 283
163 317 318
164 319 245
165 244 320
166 321 277
167 280 241
168 246 322
169 286 323
170 324 243
171 242 287
172 325 326
173 327 251
174 250 328
175 329 281
176 284 247
177 252 330
178 278 331
179 332 249
180 248 279
181 318 333
182 334 257
183 256 319
184 335 297
185 300 253
186 258 336
187 294 321
188 322 255
189 254 295
190 337 338
191 339 263
192 262 340
193 341 289
194 292 259
195 264 342
196 298 343
197 344 261
198 260 299
199 345 325
200 328 269
201 268 346
202 331 293
203 296 265
204 270 332
205 290 347
206 348 267
207 266 291
208 302 349
209 350 275
210 274 303
211 351 317
212 320 271
213 276 352
214 323 305
215 308 273
216 272 324
29 99 98
30 97 99
31 98 97
32 102 101
33 100 102
34 101 100
35 105 104
36 103 105
37 104 103
38 108 107
39 106 108
40 107 106
41 111 110
42 109 111
43 110 109
44 114 113
45 112 114
46 113 112
47 117 116
48 115 117
49 116 115
50 120 119
51 118 120
52 119 118
53 123 122
54 121 123
55 122 121
56 126 125
57 124 126
58 125 124
29 129 128
59 127 129
60 128 127
30 132 131
61 130 132
62 131 130
31 135 134
63 133 135
64 134 133
32 138 137
65 136 138
66 137 136
33 141 140
67 139 141
68 140 139
34 144 143
69 142 144
70 143 142
35 147 146
71 145 147
72 146 145
36 150 149
73 148 150
74 149 148
37 153 152
75 151 153
76 152 151
38 156 155
77 154 156
75 155 154
39 159 158
74 157 159
63 158 157
40 162 161
62 160 162
78 161 160
41 165 164
79 163 165
80 164 163
42 168 167
81 166 168
59 167 166
43 171 170
64 169 171
82 170 169
44 174 173
83 172 174
84 173 172
45 177 176
85 175 177
61 176 175
46 180 179
60 178 180
86 179 178
47 183 182
80 181 183
87 182 181
48 186 185
88 184 186
69 185 184
49 189 188
68 187 189
81 188 187
50 192 191
89 190 192
90 191 190
51 195 194
91 193 195
65 194 193
52 198 197
70 196 198
92 197 196
53 201 200
93 199 201
83 200 199
54 204 203
86 202 204
67 203 202
55 207 206
66 205 207
94 206 205
56 210 209
72 208 210
95 209 208
57 213 212
96 211 213
79 212 211
58 216 215
82 214 216
73 215 214
10 218 217
31 97 218
30 217 97
11 220 219
29 98 220
31 219 98
12 222 221
30 99 222
29 221 99
13 224 223
34 100 224
33 223 100
14 226 225
32 101 226
34 225 101
15 228 227
33 102 228
32 227 102
16 230 229
37 103 230
36 229 103
17 232 231
35 104 232
37 231 104
18 234 233
36 105 234
35 233 105
10 236 235
40 106 236
39 235 106
19 238 237
38 107 238
40 237 107
16 240 239
39 108 240
38 239 108
11 242 241
43 109 242
42 241 109
20 244 243
41 110 244
43 243 110
21 246 245
42 111 246
41 245 111
12 248 247
46 112 248
45 247 112
22 250 249
44 113 250
46 249 113
23 252 251
45 114 252
44 251 114
13 254 253
49 115 254
48 253 115
21 256 255
47 116 256
49 255 116
24 258 257
48 117 258
47 257 117
14 260 259
52 118 260
51 259 118
25 262 261
50 119 262
52 261 119
26 264 263
51 120 264
50 263 120
15 266 265
55 121 266
54 265 121
27 268 267
53 122 268
55 267 122
22 270 269
54 123 270
53 269 123
20 272 271
58 124 272
57 271 124
18 274 273
56 125 274
58 273 125
28 276 275
57 126 276
56 275 126
5 278 277
60 127 278
59 277 127
12 221 279
29 128 221
60 279 128
11 280 220
59 129 280
29 220 129
6 282 281
62 130 282
61 281 130
10 217 283
30 131 217
62 283 131
12 284 222
61 132 284
30 222 132
7 286 285
64 133 286
63 285 133
11 219 287
31 134 219
64 287 134
10 288 218
63 135 288
31 218 135
8 290 289
66 136 290
65 289 136
15 227 291
32 137 227
66 291 137
14 292 226
65 138 292
32 226 138
5 294 293
68 139 294
67 293 139
13 223 295
33 140 223
68 295 140
15 296 228
67 141 296
33 228 141
9 298 297
70 142 298
69 297 142
14 225 299
34 143 225
70 299 143
13 300 224
69 144 300
34 224 144
4 302 301
72 145 302
71 301 145
18 233 303
35 146 233
72 303 146
17 304 232
71 147 304
35 232 147
7 306 305
74 148 306
73 305 148
16 229 307
36 149 229
74 307 149
18 308 234
73 150 308
36 234 150
0 310 309
76 151 310
75 309 151
17 231 311
37 152 231
76 311 152
16 312 230
75 153 312
37 230 153
0 309 313
75 154 309
77 313 154
16 239 312
38 155 239
75 312 155
19 314 238
77 156 314
38 238 156
7 285 306
63 157 285
74 306 157
10 235 288
39 158 235
63 288 158
16 307 240
74 159 307
39 240 159
6 315 282
78 160 315
62 282 160
19 237 316
40 161 237
78 316 161
10 283 236
62 162 283
40 236 162
1 318 317
80 163 318
79 317 163
21 245 319
41 164 245
80 319 164
20 320 244
79 165 320
41 244 165
5 277 321
59 166 277
81 321 166
11 241 280
42 167 241
59 280 167
21 322 246
81 168 322
42 246 168
7 323 286
82 169 323
64 286 169
20 243 324
43 170 243
82 324 170
11 287 242
64 171 287
43 242 171
2 326 325
84 172 326
83 325 172
23 251 327
44 173 251
84 327 173
22 328 250
83 174 328
44 250 174
6 281 329
61 175 281
85 329 175
12 247 284
45 176 247
61 284 176
23 330 252
85 177 330
45 252 177
5 331 278
86 178 331
60 278 178
22 249 332
46 179 249
86 332 179
12 279 248
60 180 279
46 248 180
1 333 318
87 181 333
80 318 181
24 257 334
47 182 257
87 334 182
21 319 256
80 183 319
47 256 183
9 297 335
69 184 297
88 335 184
13 253 300
48 185 253
69 300 185
24 336 258
88 186 336
48 258 186
5 321 294
81 187 321
68 294 187
21 255 322
49 188 255
81 322 188
13 295 254
68 189 295
49 254 189
3 338 337
90 190 338
89 337 190
26 263 339
50 191 263
90 339 191
25 340 262
89 192 340
50 262 192
8 289 341
65 193 289
91 341 193
14 259 292
51 194 259
65 292 194
26 342 264
91 195 342
51 264 195
9 343 298
92 196 343
70 298 196
25 261 344
52 197 261
92 344 197
14 299 260
70 198 299
52 260 198
2 325 345
83 199 325
93 345 199
22 269 328
53 200 269
83 328 200
27 346 268
93 201 346
53 268 201
5 293 331
67 202 293
86 331 202
15 265 296
54 203 265
67 296 203
22 332 270
86 204 332
54 270 204
8 347 290
94 205 347
66 290 205
27 267 348
55 206 267
94 348 206
15 291 266
66 207 291
55 266 207
4 349 302
95 208 349
72 302 208
28 275 350
56 209 275
95 350 209
18 303 274
72 210 303
56 274 210
1 317 351
79 211 317
96 351 211
20 271 320
57 212 271
79 320 212
28 352 276
96 213 352
57 276 213
7 305 323
73 214 305
82 323 214
18 273 308
58 215 273
73 308 215
20 324 272
82 216 324
58 272 216
