0.9790986500910019
-0.38990443502612315
-0.879505232535347
-0.4960724566072994
-0.7881012661316169
0.4618180432080785
-0.513027242251809
0.22535457024485916
-0.6918371185517991
0.253192816606036
0.9627141543308695
0.06787434645681101
0.7351121828239231
0.32398880963364585
0.2494280038902481
-0.47854502429159895
-0.05401345025977955
-0.2592105177472579
-0.39850717827261795
-0.713805072639258
0.27463705079758505
-0.4287410568226928
0.7055606005630799
-0.1692696737168351
-0.761756822822214
-0.29988582219083915
0.7461276003699115
-0.869425401243956
0.6791372329134435
0.6070800870296775
-0.7931107001054949
-0.3688209610571449
0.65137593739375
0.596638724689031
-0.6849329747421136
0.5420724073391181
0.2719411280834958
0.05303834943263119
-0.6373444634340313
0.09193002093163782
0.312423024675494
-0.785124704679292
-0.4306600758125789
-0.5666079341855705
-0.6365162965462039
0.4901060790084508
-0.8648241431955013
0.6527733344405195
0.8675718233917813
-0.9373135377777713
0.6718309074225304
0.1300004091242828
-0.4740761148925161