224 225 226
227 228 229
230 231 232
233 234 235
236 237 238
239 240 241
242 243 244
245 246 247
248 249 250
251 252 253
254 255 256
257 258 259
260 261 262
263 264 265
266 267 268
269 270 271
272 273 274
275 276 277
278 279 280
281 282 283
284 285 286
287 288 289
290 291 292
293 294 295
296 297 298
299 300 301
302 303 304
305 306 307
308 309 310
311 312 313
314 315 316
317 318 319
320 321 322
323 324 325
326 327 328
329 330 331
332 333 334
335 336 337
338 339 340
341 342 343
344 345 346
347 348 349
350 351 352
353 354 355
356 357 358
359 360 361
362 363 364
365 366 367
368 369 370
371 372 373
374 375 376
377 378 379
380 381 382
383 384 385
386 387 388
389 390 391
392 393 394
395 396 397
398 399 400
401 402 403
404 405 406
407 408 409
410 411 412
413 414 415
416 417 418
419 420 421
422 423 424
425 426 427
428 429 430
431 432 433
434 435 436
437 438 439
440 441 442
443 444 445
446 447 448
449 450 451
452 453 454
455 456 457
458 459 460
461 462 463
464 465 466
467 468 469
470 471 472
473 474 475
476 477 478
479 480 481
482 483 484
485 486 487
224 488 489
225 490 491
226 492 493
227 491 494
228 495 496
229 497 492
230 494 498
231 499 500
232 501 495
233 500 502
234 503 504
235 505 501
236 502 506
237 507 508
238 509 503
239 508 510
240 511 512
241 513 509
242 514 497
243 496 515
244 516 517
245 515 518
246 519 520
247 521 516
248 518 505
249 504 522
250 523 519
251 522 524
252 525 526
253 527 523
254 524 513
255 512 528
256 529 525
257 528 530
258 531 532
259 533 529
260 534 521
261 520 535
262 536 537
263 535 538
264 539 540
265 541 536
266 538 527
267 526 542
268 543 539
269 542 544
270 545 546
271 547 543
272 544 533
273 532 548
274 549 545
275 548 550
276 551 552
277 553 549
278 554 541
279 540 555
280 556 557
281 555 558
282 559 560
283 561 556
284 558 547
285 546 562
286 563 559
287 562 564
288 565 566
289 567 563
290 564 553
291 552 568
292 569 565
293 568 570
294 571 572
295 573 569
296 574 561
297 560 575
298 576 577
299 575 578
300 579 580
301 581 576
302 578 567
303 566 582
304 583 579
305 582 584
306 585 586
307 587 583
308 584 573
309 572 588
310 589 585
311 588 590
312 591 592
313 593 589
314 594 581
315 580 595
316 596 597
317 595 598
318 599 600
319 601 596
320 598 587
321 586 602
322 603 599
323 602 604
324 605 606
325 607 603
326 604 593
327 592 608
328 609 605
329 608 610
330 611 612
331 613 609
332 510 614
333 615 616
334 617 511
335 618 619
336 620 621
337 622 623
338 624 625
339 626 627
340 628 629
341 630 631
342 632 633
343 634 635
344 636 637
345 638 639
346 640 641
347 642 643
348 644 645
349 646 647
350 648 649
351 650 651
352 652 653
353 654 655
354 656 657
355 658 659
356 660 661
357 662 663
358 664 665
359 666 667
360 668 669
361 670 671
362 672 673
363 674 675
364 676 677
365 678 679
366 680 681
367 682 683
368 684 685
369 686 622
370 621 687
371 688 689
372 690 618
373 623 691
374 692 617
375 616 620
376 619 693
377 685 694
378 695 628
379 627 686
380 696 697
381 698 624
382 629 699
383 700 688
384 691 626
385 625 701
386 697 702
387 703 634
388 633 698
389 704 705
390 706 630
391 635 707
392 708 700
393 701 632
394 631 709
395 710 708
396 709 640
397 639 711
398 705 646
399 645 636
400 641 706
401 712 713
402 714 638
403 637 715
404 716 652
405 651 658
406 657 717
407 718 719
408 720 654
409 659 721
410 722 723
411 724 656
412 655 725
413 719 726
414 727 664
415 663 720
416 728 729
417 730 660
418 665 731
419 732 722
420 725 662
421 661 733
422 734 732
423 733 670
424 669 735
425 729 736
426 737 666
427 671 730
428 738 739
429 740 668
430 667 741
431 742 734
432 735 676
433 675 743
434 739 682
435 681 672
436 677 740
437 744 745
438 746 674
439 673 747
440 614 748
441 749 684
442 687 615
443 643 648
444 653 712
445 715 644
446 649 750
447 751 718
448 721 650
449 679 611
450 610 744
451 747 680
452 752 753
453 754 755
454 756 757
455 755 758
456 759 760
457 761 756
458 758 762
459 763 764
460 765 759
461 764 766
462 767 768
463 769 765
464 766 770
465 771 772
466 773 767
467 772 514
468 517 774
469 775 773
470 776 777
471 778 779
472 780 781
473 779 782
474 783 784
475 785 780
476 782 786
477 787 788
478 789 783
479 788 790
480 791 792
481 793 789
482 790 794
483 795 796
484 797 791
485 796 574
486 577 798
487 799 797
68 226 225
69 224 226
70 225 224
71 229 228
68 227 229
72 228 227
73 232 231
72 230 232
74 231 230
75 235 234
73 233 235
76 234 233
77 238 237
76 236 238
78 237 236
79 241 240
77 239 241
80 240 239
81 244 243
82 242 244
71 243 242
83 247 246
81 245 247
84 246 245
85 250 249
84 248 250
75 249 248
86 253 252
85 251 253
87 252 251
88 256 255
87 254 256
79 255 254
89 259 258
88 257 259
90 258 257
91 262 261
92 260 262
83 261 260
93 265 264
91 263 265
94 264 263
95 268 267
94 266 268
86 267 266
96 271 270
95 269 271
97 270 269
98 274 273
97 272 274
89 273 272
99 277 276
98 275 277
100 276 275
101 280 279
102 278 280
93 279 278
103 283 282
101 281 283
104 282 281
105 286 285
104 284 286
96 285 284
106 289 288
105 287 289
107 288 287
108 292 291
107 290 292
99 291 290
109 295 294
108 293 295
110 294 293
111 298 297
112 296 298
103 297 296
113 301 300
111 299 301
114 300 299
115 304 303
114 302 304
106 303 302
116 307 306
115 305 307
117 306 305
118 310 309
117 308 310
109 309 308
119 313 312
118 311 313
120 312 311
121 316 315
122 314 316
113 315 314
123 319 318
121 317 319
124 318 317
125 322 321
124 320 322
116 321 320
126 325 324
125 323 325
127 324 323
128 328 327
127 326 328
119 327 326
129 331 330
128 329 331
130 330 329
131 334 333
80 332 334
132 333 332
133 337 336
134 335 337
135 336 335
136 340 339
137 338 340
138 339 338
139 343 342
140 341 343
141 342 341
142 346 345
143 344 346
144 345 344
145 349 348
146 347 349
147 348 347
148 352 351
149 350 352
150 351 350
151 355 354
152 353 355
153 354 353
154 358 357
155 356 358
156 357 356
157 361 360
158 359 361
159 360 359
160 364 363
161 362 364
162 363 362
163 367 366
164 365 367
165 366 365
133 370 369
166 368 370
167 369 368
134 373 372
168 371 373
169 372 371
135 376 375
170 374 376
131 375 374
136 379 378
167 377 379
171 378 377
137 382 381
172 380 382
173 381 380
138 385 384
174 383 385
168 384 383
139 388 387
173 386 388
175 387 386
140 391 390
176 389 391
177 390 389
141 394 393
178 392 394
174 393 392
142 397 396
179 395 397
178 396 395
143 400 399
177 398 400
145 399 398
144 403 402
180 401 403
181 402 401
151 406 405
182 404 406
148 405 404
152 409 408
183 407 409
184 408 407
153 412 411
185 410 412
186 411 410
154 415 414
184 413 415
187 414 413
155 418 417
188 416 418
189 417 416
156 421 420
190 419 421
185 420 419
157 424 423
191 422 424
190 423 422
158 427 426
189 425 427
192 426 425
159 430 429
193 428 430
194 429 428
160 433 432
195 431 433
191 432 431
161 436 435
194 434 436
163 435 434
162 439 438
196 437 439
197 438 437
166 442 441
132 440 442
198 441 440
180 445 444
147 443 445
149 444 443
183 448 447
150 446 448
199 447 446
196 451 450
165 449 451
130 450 449
200 454 453
201 452 454
202 453 452
203 457 456
200 455 457
204 456 455
205 460 459
204 458 460
206 459 458
207 463 462
205 461 463
208 462 461
209 466 465
208 464 466
210 465 464
211 469 468
209 467 469
82 468 467
212 472 471
213 470 472
214 471 470
215 475 474
212 473 475
216 474 473
217 478 477
216 476 478
218 477 476
219 481 480
217 479 481
220 480 479
221 484 483
220 482 484
222 483 482
223 487 486
221 485 487
112 486 485
0 489 488
70 224 489
69 488 224
1 491 490
68 225 491
70 490 225
4 493 492
69 226 493
68 492 226
1 494 491
72 227 494
68 491 227
5 496 495
71 228 496
72 495 228
4 492 497
68 229 492
71 497 229
1 498 494
74 230 498
72 494 230
2 500 499
73 231 500
74 499 231
5 495 501
72 232 495
73 501 232
2 502 500
76 233 502
73 500 233
6 504 503
75 234 504
76 503 234
5 501 505
73 235 501
75 505 235
2 506 502
78 236 506
76 502 236
3 508 507
77 237 508
78 507 237
6 503 509
76 238 503
77 509 238
3 510 508
80 239 510
77 508 239
7 512 511
79 240 512
80 511 240
6 509 513
77 241 509
79 513 241
4 497 514
71 242 497
82 514 242
5 515 496
81 243 515
71 496 243
8 517 516
82 244 517
81 516 244
5 518 515
84 245 518
81 515 245
9 520 519
83 246 520
84 519 246
8 516 521
81 247 516
83 521 247
5 505 518
75 248 505
84 518 248
6 522 504
85 249 522
75 504 249
9 519 523
84 250 519
85 523 250
6 524 522
87 251 524
85 522 251
10 526 525
86 252 526
87 525 252
9 523 527
85 253 523
86 527 253
6 513 524
79 254 513
87 524 254
7 528 512
88 255 528
79 512 255
10 525 529
87 256 525
88 529 256
7 530 528
90 257 530
88 528 257
11 532 531
89 258 532
90 531 258
10 529 533
88 259 529
89 533 259
8 521 534
83 260 521
92 534 260
9 535 520
91 261 535
83 520 261
12 537 536
92 262 537
91 536 262
9 538 535
94 263 538
91 535 263
13 540 539
93 264 540
94 539 264
12 536 541
91 265 536
93 541 265
9 527 538
86 266 527
94 538 266
10 542 526
95 267 542
86 526 267
13 539 543
94 268 539
95 543 268
10 544 542
97 269 544
95 542 269
14 546 545
96 270 546
97 545 270
13 543 547
95 271 543
96 547 271
10 533 544
89 272 533
97 544 272
11 548 532
98 273 548
89 532 273
14 545 549
97 274 545
98 549 274
11 550 548
100 275 550
98 548 275
15 552 551
99 276 552
100 551 276
14 549 553
98 277 549
99 553 277
12 541 554
93 278 541
102 554 278
13 555 540
101 279 555
93 540 279
16 557 556
102 280 557
101 556 280
13 558 555
104 281 558
101 555 281
17 560 559
103 282 560
104 559 282
16 556 561
101 283 556
103 561 283
13 547 558
96 284 547
104 558 284
14 562 546
105 285 562
96 546 285
17 559 563
104 286 559
105 563 286
14 564 562
107 287 564
105 562 287
18 566 565
106 288 566
107 565 288
17 563 567
105 289 563
106 567 289
14 553 564
99 290 553
107 564 290
15 568 552
108 291 568
99 552 291
18 565 569
107 292 565
108 569 292
15 570 568
110 293 570
108 568 293
19 572 571
109 294 572
110 571 294
18 569 573
108 295 569
109 573 295
16 561 574
103 296 561
112 574 296
17 575 560
111 297 575
103 560 297
20 577 576
112 298 577
111 576 298
17 578 575
114 299 578
111 575 299
21 580 579
113 300 580
114 579 300
20 576 581
111 301 576
113 581 301
17 567 578
106 302 567
114 578 302
18 582 566
115 303 582
106 566 303
21 579 583
114 304 579
115 583 304
18 584 582
117 305 584
115 582 305
22 586 585
116 306 586
117 585 306
21 583 587
115 307 583
116 587 307
18 573 584
109 308 573
117 584 308
19 588 572
118 309 588
109 572 309
22 585 589
117 310 585
118 589 310
19 590 588
120 311 590
118 588 311
23 592 591
119 312 592
120 591 312
22 589 593
118 313 589
119 593 313
20 581 594
113 314 581
122 594 314
21 595 580
121 315 595
113 580 315
24 597 596
122 316 597
121 596 316
21 598 595
124 317 598
121 595 317
25 600 599
123 318 600
124 599 318
24 596 601
121 319 596
123 601 319
21 587 598
116 320 587
124 598 320
22 602 586
125 321 602
116 586 321
25 599 603
124 322 599
125 603 322
22 604 602
127 323 604
125 602 323
26 606 605
126 324 606
127 605 324
25 603 607
125 325 603
126 607 325
22 593 604
119 326 593
127 604 326
23 608 592
128 327 608
119 592 327
26 605 609
127 328 605
128 609 328
23 610 608
130 329 610
128 608 329
27 612 611
129 330 612
130 611 330
26 609 613
128 331 609
129 613 331
3 614 510
132 332 614
80 510 332
39 616 615
131 333 616
132 615 333
7 511 617
80 334 511
131 617 334
38 619 618
135 335 619
134 618 335
39 621 620
133 336 621
135 620 336
40 623 622
134 337 623
133 622 337
41 625 624
138 338 625
137 624 338
40 627 626
136 339 627
138 626 339
42 629 628
137 340 629
136 628 340
43 631 630
141 341 631
140 630 341
41 633 632
139 342 633
141 632 342
44 635 634
140 343 635
139 634 343
45 637 636
144 344 637
143 636 344
46 639 638
142 345 639
144 638 345
43 641 640
143 346 641
142 640 346
33 643 642
147 347 643
146 642 347
45 645 644
145 348 645
147 644 348
31 647 646
146 349 647
145 646 349
33 649 648
150 350 649
149 648 350
49 651 650
148 351 651
150 650 351
32 653 652
149 352 653
148 652 352
47 655 654
153 353 655
152 654 353
48 657 656
151 354 657
153 656 354
49 659 658
152 355 659
151 658 355
50 661 660
156 356 661
155 660 356
47 663 662
154 357 663
156 662 357
51 665 664
155 358 665
154 664 358
52 667 666
159 359 667
158 666 359
53 669 668
157 360 669
159 668 360
50 671 670
158 361 671
157 670 361
54 673 672
162 362 673
161 672 362
55 675 674
160 363 675
162 674 363
53 677 676
161 364 677
160 676 364
27 679 678
165 365 679
164 678 365
54 681 680
163 366 681
165 680 366
36 683 682
164 367 683
163 682 367
28 685 684
167 368 685
166 684 368
40 622 686
133 369 622
167 686 369
39 687 621
166 370 687
133 621 370
30 689 688
169 371 689
168 688 371
38 618 690
134 372 618
169 690 372
40 691 623
168 373 691
134 623 373
7 617 692
131 374 617
170 692 374
39 620 616
135 375 620
131 616 375
38 693 619
170 376 693
135 619 376
28 694 685
171 377 694
167 685 377
42 628 695
136 378 628
171 695 378
40 686 627
167 379 686
136 627 379
29 697 696
173 380 697
172 696 380
41 624 698
137 381 624
173 698 381
42 699 629
172 382 699
137 629 382
30 688 700
168 383 688
174 700 383
40 626 691
138 384 626
168 691 384
41 701 625
174 385 701
138 625 385
29 702 697
175 386 702
173 697 386
44 634 703
139 387 634
175 703 387
41 698 633
173 388 698
139 633 388
31 705 704
177 389 705
176 704 389
43 630 706
140 390 630
177 706 390
44 707 635
176 391 707
140 635 391
30 700 708
174 392 700
178 708 392
41 632 701
141 393 632
174 701 393
43 709 631
178 394 709
141 631 394
30 708 710
178 395 708
179 710 395
43 640 709
142 396 640
178 709 396
46 711 639
179 397 711
142 639 397
31 646 705
145 398 646
177 705 398
45 636 645
143 399 636
145 645 399
43 706 641
177 400 706
143 641 400
32 713 712
181 401 713
180 712 401
46 638 714
144 402 638
181 714 402
45 715 637
180 403 715
144 637 403
32 652 716
148 404 652
182 716 404
49 658 651
151 405 658
148 651 405
48 717 657
182 406 717
151 657 406
34 719 718
184 407 719
183 718 407
47 654 720
152 408 654
184 720 408
49 721 659
183 409 721
152 659 409
35 723 722
186 410 723
185 722 410
48 656 724
153 411 656
186 724 411
47 725 655
185 412 725
153 655 412
34 726 719
187 413 726
184 719 413
51 664 727
154 414 664
187 727 414
47 720 663
184 415 720
154 663 415
37 729 728
189 416 729
188 728 416
50 660 730
155 417 660
189 730 417
51 731 665
188 418 731
155 665 418
35 722 732
185 419 722
190 732 419
47 662 725
156 420 662
185 725 420
50 733 661
190 421 733
156 661 421
35 732 734
190 422 732
191 734 422
50 670 733
157 423 670
190 733 423
53 735 669
191 424 735
157 669 424
37 736 729
192 425 736
189 729 425
52 666 737
158 426 666
192 737 426
50 730 671
189 427 730
158 671 427
36 739 738
194 428 739
193 738 428
53 668 740
159 429 668
194 740 429
52 741 667
193 430 741
159 667 430
35 734 742
191 431 734
195 742 431
53 676 735
160 432 676
191 735 432
55 743 675
195 433 743
160 675 433
36 682 739
163 434 682
194 739 434
54 672 681
161 435 672
163 681 435
53 740 677
194 436 740
161 677 436
23 745 744
197 437 745
196 744 437
55 674 746
162 438 674
197 746 438
54 747 673
196 439 747
162 673 439
3 748 614
198 440 748
132 614 440
28 684 749
166 441 684
198 749 441
39 615 687
132 442 615
166 687 442
33 648 643
149 443 648
147 643 443
32 712 653
180 444 712
149 653 444
45 644 715
147 445 644
180 715 445
33 750 649
199 446 750
150 649 446
34 718 751
183 447 718
199 751 447
49 650 721
150 448 650
183 721 448
27 611 679
130 449 611
165 679 449
23 744 610
196 450 744
130 610 450
54 680 747
165 451 680
196 747 451
56 753 752
202 452 753
201 752 452
57 755 754
200 453 755
202 754 453
59 757 756
201 454 757
200 756 454
57 758 755
204 455 758
200 755 455
60 760 759
203 456 760
204 759 456
59 756 761
200 457 756
203 761 457
57 762 758
206 458 762
204 758 458
58 764 763
205 459 764
206 763 459
60 759 765
204 460 759
205 765 460
58 766 764
208 461 766
205 764 461
61 768 767
207 462 768
208 767 462
60 765 769
205 463 765
207 769 463
58 770 766
210 464 770
208 766 464
4 772 771
209 465 772
210 771 465
61 767 773
208 466 767
209 773 466
4 514 772
82 467 514
209 772 467
8 774 517
211 468 774
82 517 468
61 773 775
209 469 773
211 775 469
62 777 776
214 470 777
213 776 470
63 779 778
212 471 779
214 778 471
65 781 780
213 472 781
212 780 472
63 782 779
216 473 782
212 779 473
66 784 783
215 474 784
216 783 474
65 780 785
212 475 780
215 785 475
63 786 782
218 476 786
216 782 476
64 788 787
217 477 788
218 787 477
66 783 789
216 478 783
217 789 478
64 790 788
220 479 790
217 788 479
67 792 791
219 480 792
220 791 480
66 789 793
217 481 789
219 793 481
64 794 790
222 482 794
220 790 482
16 796 795
221 483 796
222 795 483
67 791 797
220 484 791
221 797 484
16 574 796
112 485 574
221 796 485
20 798 577
223 486 798
112 577 486
67 797 799
221 487 797
223 799 487
