488
0

0
489

489
70

69
488

490
1

70
490

4
493

493
69

1
498

498
74

499
2

74
499

2
506

506
78

507
3

78
507

7
530

530
90

531
11

90
531

534
8

92
534

12
537

537
92

11
550

550
100

551
15

100
551

554
12

102
554

16
557

557
102

15
570

570
110

571
19

110
571

19
590

590
120

591
23

120
591

594
20

122
594

24
597

597
122

25
600

600
123

601
24

123
601

26
606

606
126

607
25

126
607

27
612

612
129

613
26

129
613

642
33

146
642

31
647

647
146

678
27

164
678

36
683

683
164

30
689

689
169

690
38

169
690

692
7

170
692

38
693

693
170

28
694

694
171

695
42

171
695

696
29

172
696

42
699

699
172

29
702

702
175

703
44

175
703

704
31

176
704

44
707

707
176

710
30

179
710

46
711

711
179

32
713

713
181

714
46

181
714

716
32

182
716

48
717

717
182

35
723

723
186

724
48

186
724

34
726

726
187

727
51

187
727

728
37

188
728

51
731

731
188

37
736

736
192

737
52

192
737

738
36

193
738

52
741

741
193

742
35

195
742

55
743

743
195

23
745

745
197

746
55

197
746

3
748

748
198

749
28

198
749

33
750

750
199

751
34

199
751

752
56

56
753

753
202

201
752

754
57

202
754

59
757

757
201

60
760

760
203

761
59

203
761

57
762

762
206

763
58

206
763

61
768

768
207

769
60

207
769

58
770

770
210

771
4

210
771

8
774

774
211

775
61

211
775

776
62

62
777

777
214

213
776

778
63

214
778

65
781

781
213

66
784

784
215

785
65

215
785

63
786

786
218

787
64

218
787

67
792

792
219

793
66

219
793

64
794

794
222

795
16

222
795

20
798

798
223

799
67

223
799

