+0.000000000000000e+00
+2.500000000000000e-02
+5.000000000000000e-02
+7.500000000000001e-02
+1.000000000000000e-01
+1.250000000000000e-01
+1.500000000000000e-01
+1.750000000000000e-01
+2.000000000000000e-01
+2.250000000000000e-01
+2.500000000000000e-01
+2.750000000000000e-01
+3.000000000000000e-01
+3.250000000000000e-01
+3.500000000000000e-01
+3.750000000000001e-01
+4.000000000000001e-01
+4.250000000000001e-01
+4.500000000000001e-01
+4.750000000000001e-01
+5.000000000000001e-01
+5.250000000000001e-01
+5.500000000000002e-01
+5.750000000000002e-01
+6.000000000000002e-01
+6.250000000000002e-01
+6.500000000000002e-01
+6.750000000000003e-01
+7.000000000000003e-01
+7.250000000000003e-01
+7.500000000000003e-01
+7.750000000000004e-01
+8.000000000000004e-01
+8.250000000000004e-01
+8.500000000000004e-01
+8.750000000000004e-01
+9.000000000000005e-01
+9.250000000000005e-01
+9.500000000000005e-01
+9.750000000000005e-01
+1.000000000000000e+00
+1.025000000000000e+00
+1.050000000000000e+00
+1.075000000000000e+00
+1.100000000000000e+00
+1.125000000000000e+00
+1.150000000000000e+00
+1.175000000000000e+00
+1.200000000000000e+00
+1.225000000000000e+00
+1.250000000000000e+00
+1.274999999999999e+00
+1.299999999999999e+00
+1.324999999999999e+00
+1.349999999999999e+00
+1.374999999999999e+00
+1.399999999999999e+00
+1.424999999999999e+00
+1.449999999999999e+00
+1.474999999999999e+00
+1.499999999999999e+00
+1.524999999999999e+00
+1.549999999999998e+00
+1.574999999999998e+00
+1.599999999999998e+00
+1.624999999999998e+00
+1.649999999999998e+00
+1.674999999999998e+00
+1.699999999999998e+00
+1.724999999999998e+00
+1.749999999999998e+00
+1.774999999999998e+00
+1.799999999999998e+00
+1.824999999999998e+00
+1.849999999999997e+00
+1.874999999999997e+00
+1.899999999999997e+00
+1.924999999999997e+00
+1.949999999999997e+00
+1.974999999999997e+00
+1.999999999999997e+00
+2.024999999999997e+00
+2.049999999999997e+00
+2.074999999999997e+00
+2.099999999999997e+00
+2.124999999999996e+00
+2.149999999999996e+00
+2.174999999999996e+00
+2.199999999999996e+00
+2.224999999999996e+00
+2.249999999999996e+00
+2.274999999999996e+00
+2.299999999999996e+00
+2.324999999999996e+00
+2.349999999999996e+00
+2.374999999999996e+00
+2.399999999999995e+00
+2.424999999999995e+00
+2.449999999999995e+00
+2.474999999999995e+00
+2.499999999999995e+00
+2.524999999999995e+00
+2.549999999999995e+00
+2.574999999999995e+00
+2.599999999999995e+00
+2.624999999999995e+00
+2.649999999999995e+00
+2.674999999999994e+00
+2.699999999999994e+00
+2.724999999999994e+00
+2.749999999999994e+00
+2.774999999999994e+00
+2.799999999999994e+00
+2.824999999999994e+00
+2.849999999999994e+00
+2.874999999999994e+00
+2.899999999999994e+00
+2.924999999999994e+00
+2.949999999999994e+00
+2.974999999999993e+00
+2.999999999999993e+00
+3.024999999999993e+00
+3.049999999999993e+00
+3.074999999999993e+00
+3.099999999999993e+00
+3.124999999999993e+00
+3.149999999999993e+00
+3.174999999999993e+00
+3.199999999999993e+00
+3.224999999999993e+00
+3.249999999999992e+00
+3.274999999999992e+00
+3.299999999999992e+00
+3.324999999999992e+00
+3.349999999999992e+00
+3.374999999999992e+00
+3.399999999999992e+00
+3.424999999999992e+00
+3.449999999999992e+00
+3.474999999999992e+00
+3.499999999999992e+00
+3.524999999999991e+00
+3.549999999999991e+00
+3.574999999999991e+00
+3.599999999999991e+00
+3.624999999999991e+00
+3.649999999999991e+00
+3.674999999999991e+00
+3.699999999999991e+00
+3.724999999999991e+00
+3.749999999999991e+00
+3.774999999999991e+00
+3.799999999999990e+00
+3.824999999999990e+00
+3.849999999999990e+00
+3.874999999999990e+00
+3.899999999999990e+00
+3.924999999999990e+00
+3.949999999999990e+00
+3.974999999999990e+00
+3.999999999999990e+00
+4.024999999999990e+00
+4.049999999999990e+00
+4.074999999999990e+00
+4.099999999999991e+00
+4.124999999999991e+00
+4.149999999999991e+00
+4.174999999999992e+00
+4.199999999999992e+00
+4.224999999999993e+00
+4.249999999999993e+00
+4.274999999999993e+00
+4.299999999999994e+00
+4.324999999999994e+00
+4.349999999999994e+00
+4.374999999999995e+00
+4.399999999999995e+00
+4.424999999999995e+00
+4.449999999999996e+00
+4.474999999999996e+00
+4.499999999999996e+00
+4.524999999999997e+00
+4.549999999999997e+00
+4.574999999999998e+00
+4.599999999999998e+00
+4.624999999999998e+00
+4.649999999999999e+00
+4.674999999999999e+00
+4.699999999999999e+00
+4.725000000000000e+00
+4.750000000000000e+00
+4.775000000000000e+00
+4.800000000000001e+00
+4.825000000000001e+00
+4.850000000000001e+00
+4.875000000000002e+00
+4.900000000000002e+00
+4.925000000000002e+00
+4.950000000000003e+00
+4.975000000000003e+00
+5.000000000000004e+00
+5.025000000000004e+00
+5.050000000000004e+00
+5.075000000000005e+00
+5.100000000000005e+00
+5.125000000000005e+00
+5.150000000000006e+00
+5.175000000000006e+00
+5.200000000000006e+00
+5.225000000000007e+00
+5.250000000000007e+00
+5.275000000000007e+00
+5.300000000000008e+00
+5.325000000000008e+00
+5.350000000000009e+00
+5.375000000000009e+00
+5.400000000000009e+00
+5.425000000000010e+00
+5.450000000000010e+00
+5.475000000000010e+00
+5.500000000000011e+00
+5.525000000000011e+00
+5.550000000000011e+00
+5.575000000000012e+00
+5.600000000000012e+00
+5.625000000000012e+00
+5.650000000000013e+00
+5.675000000000013e+00
+5.700000000000014e+00
+5.725000000000014e+00
+5.750000000000014e+00
+5.775000000000015e+00
+5.800000000000015e+00
+5.825000000000015e+00
+5.850000000000016e+00
+5.875000000000016e+00
+5.900000000000016e+00
+5.925000000000017e+00
+5.950000000000017e+00
+5.975000000000017e+00
+6.000000000000018e+00
+6.025000000000018e+00
+6.050000000000018e+00
+6.075000000000019e+00
+6.100000000000019e+00
+6.125000000000020e+00
+6.150000000000020e+00
+6.175000000000020e+00
+6.200000000000021e+00
+6.225000000000021e+00
+6.250000000000021e+00
+6.275000000000022e+00
+6.300000000000022e+00
+6.325000000000022e+00
+6.350000000000023e+00
+6.375000000000023e+00
+6.400000000000023e+00
+6.425000000000024e+00
+6.450000000000024e+00
+6.475000000000025e+00
+6.500000000000025e+00
+6.525000000000025e+00
+6.550000000000026e+00
+6.575000000000026e+00
+6.600000000000026e+00
+6.625000000000027e+00
+6.650000000000027e+00
+6.675000000000027e+00
+6.700000000000028e+00
+6.725000000000028e+00
+6.750000000000028e+00
+6.775000000000029e+00
+6.800000000000029e+00
+6.825000000000029e+00
+6.850000000000030e+00
+6.875000000000030e+00
+6.900000000000031e+00
+6.925000000000031e+00
+6.950000000000031e+00
+6.975000000000032e+00
+7.000000000000032e+00
+7.025000000000032e+00
+7.050000000000033e+00
+7.075000000000033e+00
+7.100000000000033e+00
+7.125000000000034e+00
+7.150000000000034e+00
+7.175000000000034e+00
+7.200000000000035e+00
+7.225000000000035e+00
+7.250000000000036e+00
+7.275000000000036e+00
+7.300000000000036e+00
+7.325000000000037e+00
+7.350000000000037e+00
+7.375000000000037e+00
+7.400000000000038e+00
+7.425000000000038e+00
+7.450000000000038e+00
+7.475000000000039e+00
+7.500000000000039e+00
+7.525000000000039e+00
+7.550000000000040e+00
+7.575000000000040e+00
+7.600000000000041e+00
+7.625000000000041e+00
+7.650000000000041e+00
+7.675000000000042e+00
+7.700000000000042e+00
+7.725000000000042e+00
+7.750000000000043e+00
+7.775000000000043e+00
+7.800000000000043e+00
+7.825000000000044e+00
+7.850000000000044e+00
+7.875000000000044e+00
+7.900000000000045e+00
+7.925000000000045e+00
+7.950000000000045e+00
+7.975000000000046e+00
+8.000000000000046e+00
+8.025000000000047e+00
+8.050000000000047e+00
+8.075000000000047e+00
+8.100000000000048e+00
+8.125000000000048e+00
+8.150000000000048e+00
+8.175000000000049e+00
+8.200000000000049e+00
+8.225000000000049e+00
+8.250000000000050e+00
+8.275000000000050e+00
+8.300000000000050e+00
+8.325000000000051e+00
+8.350000000000051e+00
+8.375000000000052e+00
+8.400000000000052e+00
+8.425000000000052e+00
+8.450000000000053e+00
+8.475000000000053e+00
+8.500000000000053e+00
+8.525000000000054e+00
+8.550000000000054e+00
+8.575000000000054e+00
+8.600000000000055e+00
+8.625000000000055e+00
+8.650000000000055e+00
+8.675000000000056e+00
+8.700000000000056e+00
+8.725000000000056e+00
+8.750000000000057e+00
+8.775000000000057e+00
+8.800000000000058e+00
+8.825000000000058e+00
+8.850000000000058e+00
+8.875000000000059e+00
+8.900000000000059e+00
+8.925000000000059e+00
+8.950000000000060e+00
+8.975000000000060e+00
+9.000000000000060e+00
+9.025000000000061e+00
+9.050000000000061e+00
+9.075000000000061e+00
+9.100000000000062e+00
+9.125000000000062e+00
+9.150000000000063e+00
+9.175000000000063e+00
+9.200000000000063e+00
+9.225000000000064e+00
+9.250000000000064e+00
+9.275000000000064e+00
+9.300000000000065e+00
+9.325000000000065e+00
+9.350000000000065e+00
+9.375000000000066e+00
+9.400000000000066e+00
+9.425000000000066e+00
+9.450000000000067e+00
+9.475000000000067e+00
+9.500000000000068e+00
+9.525000000000068e+00
+9.550000000000068e+00
+9.575000000000069e+00
+9.600000000000069e+00
+9.625000000000069e+00
+9.650000000000070e+00
+9.675000000000070e+00
+9.700000000000070e+00
+9.725000000000071e+00
+9.750000000000071e+00
+9.775000000000071e+00
+9.800000000000072e+00
+9.825000000000072e+00
+9.850000000000072e+00
+9.875000000000073e+00
+9.900000000000073e+00
+9.925000000000074e+00
+9.950000000000074e+00
+9.975000000000074e+00
