1000
0.004999999888241291
0.009999999776482582
0.01499999966472387
0.01999999955296516
0.02499999944120646
0.02999999932944775
0.03499999921768904
0.03999999910593033
0.04499999899417162
0.04999999888241291
0.0549999987706542
0.05999999865889549
0.06499999854713678
0.06999999843537807
0.07499999832361937
0.07999999821186066
0.08499999810010195
0.08999999798834324
0.09499999787658453
0.09999999776482582
0.104999997653067
0.109999997541308
0.11499999742955
0.119999997317791
0.124999997206032
0.129999997094274
0.134999996982515
0.139999996870756
0.144999996758997
0.149999996647239
0.15499999653548
0.159999996423721
0.164999996311963
0.169999996200204
0.174999996088445
0.179999995976686
0.184999995864928
0.189999995753169
0.19499999564141
0.199999995529652
0.204999995417893
0.209999995306134
0.214999995194376
0.219999995082617
0.224999994970858
0.229999994859099
0.234999994747341
0.239999994635582
0.244999994523823
0.249999994412065
0.254999994300306
0.259999994188547
0.264999994076788
0.26999999396503
0.274999993853271
0.279999993741512
0.284999993629754
0.289999993517995
0.294999993406236
0.299999993294477
0.304999993182719
0.30999999307096
0.314999992959201
0.319999992847443
0.324999992735684
0.329999992623925
0.334999992512167
0.339999992400408
0.344999992288649
0.34999999217689
0.354999992065132
0.359999991953373
0.364999991841614
0.369999991729856
0.374999991618097
0.379999991506338
0.384999991394579
0.389999991282821
0.394999991171062
0.399999991059303
0.404999990947545
0.409999990835786
0.414999990724027
0.419999990612268
0.42499999050051
0.429999990388751
0.434999990276992
0.439999990165234
0.444999990053475
0.449999989941716
0.454999989829957
0.459999989718199
0.46499998960644
0.469999989494681
0.474999989382923
0.479999989271164
0.484999989159405
0.489999989047647
0.494999988935888
0.499999988824129
0.50499998871237
0.509999988600612
0.514999988488853
0.519999988377094
0.524999988265336
0.529999988153577
0.534999988041818
0.539999987930059
0.544999987818301
0.549999987706542
0.554999987594783
0.559999987483025
0.564999987371266
0.569999987259507
0.574999987147748
0.57999998703599
0.584999986924231
0.589999986812472
0.594999986700714
0.599999986588955
0.604999986477196
0.609999986365438
0.614999986253679
0.61999998614192
0.624999986030161
0.629999985918403
0.634999985806644
0.639999985694885
0.644999985583127
0.649999985471368
0.654999985359609
0.65999998524785
0.664999985136092
0.669999985024333
0.674999984912574
0.679999984800816
0.684999984689057
0.689999984577298
0.694999984465539
0.699999984353781
0.704999984242022
0.709999984130263
0.714999984018505
0.719999983906746
0.724999983794987
0.729999983683228
0.73499998357147
0.739999983459711
0.744999983347952
0.749999983236194
0.754999983124435
0.759999983012676
0.764999982900918
0.769999982789159
0.7749999826774
0.779999982565641
0.784999982453883
0.789999982342124
0.794999982230365
0.799999982118607
0.804999982006848
0.809999981895089
0.81499998178333
0.819999981671572
0.824999981559813
0.829999981448054
0.834999981336296
0.839999981224537
0.844999981112778
0.849999981001019
0.854999980889261
0.859999980777502
0.864999980665743
0.869999980553985
0.874999980442226
0.879999980330467
0.884999980218709
0.88999998010695
0.894999979995191
0.899999979883432
0.904999979771674
0.909999979659915
0.914999979548156
0.919999979436398
0.924999979324639
0.92999997921288
0.934999979101121
0.939999978989363
0.944999978877604
0.949999978765845
0.954999978654087
0.959999978542328
0.964999978430569
0.96999997831881
0.974999978207052
0.979999978095293
0.984999977983534
0.989999977871776
0.994999977760017
0.999999977648258
1.0049999775365
1.00999997742474
1.01499997731298
1.01999997720122
1.02499997708946
1.02999997697771
1.03499997686595
1.03999997675419
1.04499997664243
1.04999997653067
1.05499997641891
1.05999997630715
1.06499997619539
1.06999997608364
1.07499997597188
1.07999997586012
1.08499997574836
1.0899999756366
1.09499997552484
1.09999997541308
1.10499997530133
1.10999997518957
1.11499997507781
1.11999997496605
1.12499997485429
1.12999997474253
1.13499997463077
1.13999997451901
1.14499997440726
1.1499999742955
1.15499997418374
1.15999997407198
1.16499997396022
1.16999997384846
1.1749999737367
1.17999997362494
1.18499997351319
1.18999997340143
1.19499997328967
1.19999997317791
1.20499997306615
1.20999997295439
1.21499997284263
1.21999997273088
1.22499997261912
1.22999997250736
1.2349999723956
1.23999997228384
1.24499997217208
1.24999997206032
1.25499997194856
1.25999997183681
1.26499997172505
1.26999997161329
1.27499997150153
1.27999997138977
1.28499997127801
1.28999997116625
1.29499997105449
1.29999997094274
1.30499997083098
1.30999997071922
1.31499997060746
1.3199999704957
1.32499997038394
1.32999997027218
1.33499997016042
1.33999997004867
1.34499996993691
1.34999996982515
1.35499996971339
1.35999996960163
1.36499996948987
1.36999996937811
1.37499996926636
1.3799999691546
1.38499996904284
1.38999996893108
1.39499996881932
1.39999996870756
1.4049999685958
1.40999996848404
1.41499996837229
1.41999996826053
1.42499996814877
1.42999996803701
1.43499996792525
1.43999996781349
1.44499996770173
1.44999996758997
1.45499996747822
1.45999996736646
1.4649999672547
1.46999996714294
1.47499996703118
1.47999996691942
1.48499996680766
1.4899999666959
1.49499996658415
1.49999996647239
1.50499996636063
1.50999996624887
1.51499996613711
1.51999996602535
1.52499996591359
1.52999996580184
1.53499996569008
1.53999996557832
1.54499996546656
1.5499999653548
1.55499996524304
1.55999996513128
1.56499996501952
1.56999996490777
1.57499996479601
1.57999996468425
1.58499996457249
1.58999996446073
1.59499996434897
1.59999996423721
1.60499996412545
1.6099999640137
1.61499996390194
1.61999996379018
1.62499996367842
1.62999996356666
1.6349999634549
1.63999996334314
1.64499996323138
1.64999996311963
1.65499996300787
1.65999996289611
1.66499996278435
1.66999996267259
1.67499996256083
1.67999996244907
1.68499996233732
1.68999996222556
1.6949999621138
1.69999996200204
1.70499996189028
1.70999996177852
1.71499996166676
1.719999961555
1.72499996144325
1.72999996133149
1.73499996121973
1.73999996110797
1.74499996099621
1.74999996088445
1.75499996077269
1.75999996066093
1.76499996054918
1.76999996043742
1.77499996032566
1.7799999602139
1.78499996010214
1.78999995999038
1.79499995987862
1.79999995976686
1.80499995965511
1.80999995954335
1.81499995943159
1.81999995931983
1.82499995920807
1.82999995909631
1.83499995898455
1.8399999588728
1.84499995876104
1.84999995864928
1.85499995853752
1.85999995842576
1.864999958314
1.86999995820224
1.87499995809048
1.87999995797873
1.88499995786697
1.88999995775521
1.89499995764345
1.89999995753169
1.90499995741993
1.90999995730817
1.91499995719641
1.91999995708466
1.9249999569729
1.92999995686114
1.93499995674938
1.93999995663762
1.94499995652586
1.9499999564141
1.95499995630234
1.95999995619059
1.96499995607883
1.96999995596707
1.97499995585531
1.97999995574355
1.98499995563179
1.98999995552003
1.99499995540828
1.99999995529652
2.00499995518476
2.009999955073
2.01499995496124
2.01999995484948
2.02499995473772
2.02999995462596
2.03499995451421
2.03999995440245
2.04499995429069
2.04999995417893
2.05499995406717
2.05999995395541
2.06499995384365
2.06999995373189
2.07499995362014
2.07999995350838
2.08499995339662
2.08999995328486
2.0949999531731
2.09999995306134
2.10499995294958
2.10999995283782
2.11499995272607
2.11999995261431
2.12499995250255
2.12999995239079
2.13499995227903
2.13999995216727
2.14499995205551
2.14999995194376
2.154999951832
2.15999995172024
2.16499995160848
2.16999995149672
2.17499995138496
2.1799999512732
2.18499995116144
2.18999995104969
2.19499995093793
2.19999995082617
2.20499995071441
2.20999995060265
2.21499995049089
2.21999995037913
2.22499995026737
2.22999995015562
2.23499995004386
2.2399999499321
2.24499994982034
2.24999994970858
2.25499994959682
2.25999994948506
2.2649999493733
2.26999994926155
2.27499994914979
2.27999994903803
2.28499994892627
2.28999994881451
2.29499994870275
2.29999994859099
2.30499994847924
2.30999994836748
2.31499994825572
2.31999994814396
2.3249999480322
2.32999994792044
2.33499994780868
2.33999994769692
2.34499994758517
2.34999994747341
2.35499994736165
2.35999994724989
2.36499994713813
2.36999994702637
2.37499994691461
2.37999994680285
2.3849999466911
2.38999994657934
2.39499994646758
2.39999994635582
2.40499994624406
2.4099999461323
2.41499994602054
2.41999994590878
2.42499994579703
2.42999994568527
2.43499994557351
2.43999994546175
2.44499994534999
2.44999994523823
2.45499994512647
2.45999994501472
2.46499994490296
2.4699999447912
2.47499994467944
2.47999994456768
2.48499994445592
2.48999994434416
2.4949999442324
2.49999994412065
2.50499994400889
2.50999994389713
2.51499994378537
2.51999994367361
2.52499994356185
2.52999994345009
2.53499994333833
2.53999994322658
2.54499994311482
2.54999994300306
2.5549999428913
2.55999994277954
2.56499994266778
2.56999994255602
2.57499994244426
2.57999994233251
2.58499994222075
2.58999994210899
2.59499994199723
2.59999994188547
2.60499994177371
2.60999994166195
2.6149999415502
2.61999994143844
2.62499994132668
2.62999994121492
2.63499994110316
2.6399999409914
2.64499994087964
2.64999994076788
2.65499994065613
2.65999994054437
2.66499994043261
2.66999994032085
2.67499994020909
2.67999994009733
2.68499993998557
2.68999993987381
2.69499993976206
2.6999999396503
2.70499993953854
2.70999993942678
2.71499993931502
2.71999993920326
2.7249999390915
2.72999993897974
2.73499993886799
2.73999993875623
2.74499993864447
2.74999993853271
2.75499993842095
2.75999993830919
2.76499993819743
2.76999993808568
2.77499993797392
2.77999993786216
2.7849999377504
2.78999993763864
2.79499993752688
2.79999993741512
2.80499993730336
2.80999993719161
2.81499993707985
2.81999993696809
2.82499993685633
2.82999993674457
2.83499993663281
2.83999993652105
2.84499993640929
2.84999993629754
2.85499993618578
2.85999993607402
2.86499993596226
2.8699999358505
2.87499993573874
2.87999993562698
2.88499993551522
2.88999993540347
2.89499993529171
2.89999993517995
2.90499993506819
2.90999993495643
2.91499993484467
2.91999993473291
2.92499993462116
2.9299999345094
2.93499993439764
2.93999993428588
2.94499993417412
2.94999993406236
2.9549999339506
2.95999993383884
2.96499993372709
2.96999993361533
2.97499993350357
2.97999993339181
2.98499993328005
2.98999993316829
2.99499993305653
2.99999993294477
3.00499993283302
3.00999993272126
3.0149999326095
3.01999993249774
3.02499993238598
3.02999993227422
3.03499993216246
3.0399999320507
3.04499993193895
3.04999993182719
3.05499993171543
3.05999993160367
3.06499993149191
3.06999993138015
3.07499993126839
3.07999993115664
3.08499993104488
3.08999993093312
3.09499993082136
3.0999999307096
3.10499993059784
3.10999993048608
3.11499993037432
3.11999993026257
3.12499993015081
3.12999993003905
3.13499992992729
3.13999992981553
3.14499992970377
3.14999992959201
3.15499992948025
3.1599999293685
3.16499992925674
3.16999992914498
3.17499992903322
3.17999992892146
3.1849999288097
3.18999992869794
3.19499992858618
3.19999992847443
3.20499992836267
3.20999992825091
3.21499992813915
3.21999992802739
3.22499992791563
3.22999992780387
3.23499992769212
3.23999992758036
3.2449999274686
3.24999992735684
3.25499992724508
3.25999992713332
3.26499992702156
3.2699999269098
3.27499992679805
3.27999992668629
3.28499992657453
3.28999992646277
3.29499992635101
3.29999992623925
3.30499992612749
3.30999992601573
3.31499992590398
3.31999992579222
3.32499992568046
3.3299999255687
3.33499992545694
3.33999992534518
3.34499992523342
3.34999992512167
3.35499992500991
3.35999992489815
3.36499992478639
3.36999992467463
3.37499992456287
3.37999992445111
3.38499992433935
3.3899999242276
3.39499992411584
3.39999992400408
3.40499992389232
3.40999992378056
3.4149999236688
3.41999992355704
3.42499992344528
3.42999992333353
3.43499992322177
3.43999992311001
3.44499992299825
3.44999992288649
3.45499992277473
3.45999992266297
3.46499992255121
3.46999992243946
3.4749999223277
3.47999992221594
3.48499992210418
3.48999992199242
3.49499992188066
3.4999999217689
3.50499992165715
3.50999992154539
3.51499992143363
3.51999992132187
3.52499992121011
3.52999992109835
3.53499992098659
3.53999992087483
3.54499992076308
3.54999992065132
3.55499992053956
3.5599999204278
3.56499992031604
3.56999992020428
3.57499992009252
3.57999991998076
3.58499991986901
3.58999991975725
3.59499991964549
3.59999991953373
3.60499991942197
3.60999991931021
3.61499991919845
3.61999991908669
3.62499991897494
3.62999991886318
3.63499991875142
3.63999991863966
3.6449999185279
3.64999991841614
3.65499991830438
3.65999991819263
3.66499991808087
3.66999991796911
3.67499991785735
3.67999991774559
3.68499991763383
3.68999991752207
3.69499991741031
3.69999991729856
3.7049999171868
3.70999991707504
3.71499991696328
3.71999991685152
3.72499991673976
3.729999916628
3.73499991651624
3.73999991640449
3.74499991629273
3.74999991618097
3.75499991606921
3.75999991595745
3.76499991584569
3.76999991573393
3.77499991562217
3.77999991551042
3.78499991539866
3.7899999152869
3.79499991517514
3.79999991506338
3.80499991495162
3.80999991483986
3.81499991472811
3.81999991461635
3.82499991450459
3.82999991439283
3.83499991428107
3.83999991416931
3.84499991405755
3.84999991394579
3.85499991383404
3.85999991372228
3.86499991361052
3.86999991349876
3.874999913387
3.87999991327524
3.88499991316348
3.88999991305172
3.89499991293997
3.89999991282821
3.90499991271645
3.90999991260469
3.91499991249293
3.91999991238117
3.92499991226941
3.92999991215765
3.9349999120459
3.93999991193414
3.94499991182238
3.94999991171062
3.95499991159886
3.9599999114871
3.96499991137534
3.96999991126359
3.97499991115183
3.97999991104007
3.98499991092831
3.98999991081655
3.99499991070479
3.99999991059303
4.00499991048127
4.00999991036952
4.01499991025776
4.019999910146
4.02499991003424
4.02999990992248
4.03499990981072
4.03999990969896
4.0449999095872
4.04999990947545
4.05499990936369
4.05999990925193
4.06499990914017
4.06999990902841
4.07499990891665
4.07999990880489
4.08499990869313
4.08999990858138
4.09499990846962
4.09999990835786
4.1049999082461
4.10999990813434
4.11499990802258
4.11999990791082
4.12499990779907
4.12999990768731
4.13499990757555
4.13999990746379
4.14499990735203
4.14999990724027
4.15499990712851
4.15999990701675
4.164999906905
4.16999990679324
4.17499990668148
4.17999990656972
4.18499990645796
4.1899999063462
4.19499990623444
4.19999990612268
4.20499990601093
4.20999990589917
4.21499990578741
4.21999990567565
4.22499990556389
4.22999990545213
4.23499990534037
4.23999990522861
4.24499990511686
4.2499999050051
4.25499990489334
4.25999990478158
4.26499990466982
4.26999990455806
4.2749999044463
4.27999990433455
4.28499990422279
4.28999990411103
4.29499990399927
4.29999990388751
4.30499990377575
4.30999990366399
4.31499990355223
4.31999990344048
4.32499990332872
4.32999990321696
4.3349999031052
4.33999990299344
4.34499990288168
4.34999990276992
4.35499990265816
4.35999990254641
4.36499990243465
4.36999990232289
4.37499990221113
4.37999990209937
4.38499990198761
4.38999990187585
4.39499990176409
4.39999990165234
4.40499990154058
4.40999990142882
4.41499990131706
4.4199999012053
4.42499990109354
4.42999990098178
4.43499990087003
4.43999990075827
4.44499990064651
4.44999990053475
4.45499990042299
4.45999990031123
4.46499990019947
4.46999990008771
4.47499989997596
4.4799998998642
4.48499989975244
4.48999989964068
4.49499989952892
4.49999989941716
4.5049998993054
4.50999989919364
4.51499989908189
4.51999989897013
4.52499989885837
4.52999989874661
4.53499989863485
4.53999989852309
4.54499989841133
4.54999989829957
4.55499989818782
4.55999989807606
4.5649998979643
4.56999989785254
4.57499989774078
4.57999989762902
4.58499989751726
4.58999989740551
4.59499989729375
4.59999989718199
4.60499989707023
4.60999989695847
4.61499989684671
4.61999989673495
4.62499989662319
4.62999989651144
4.63499989639968
4.63999989628792
4.64499989617616
4.6499998960644
4.65499989595264
4.65999989584088
4.66499989572912
4.66999989561737
4.67499989550561
4.67999989539385
4.68499989528209
4.68999989517033
4.69499989505857
4.69999989494681
4.70499989483505
4.7099998947233
4.71499989461154
4.71999989449978
4.72499989438802
4.72999989427626
4.7349998941645
4.73999989405274
4.74499989394099
4.74999989382923
4.75499989371747
4.75999989360571
4.76499989349395
4.76999989338219
4.77499989327043
4.77999989315867
4.78499989304692
4.78999989293516
4.7949998928234
4.79999989271164
4.80499989259988
4.80999989248812
4.81499989237636
4.8199998922646
4.82499989215285
4.82999989204109
4.83499989192933
4.83999989181757
4.84499989170581
4.84999989159405
4.85499989148229
4.85999989137053
4.86499989125878
4.86999989114702
4.87499989103526
4.8799998909235
4.88499989081174
4.88999989069998
4.89499989058822
4.89999989047647
4.90499989036471
4.90999989025295
4.91499989014119
4.91999989002943
4.92499988991767
4.92999988980591
4.93499988969415
4.9399998895824
4.94499988947064
4.94999988935888
4.95499988924712
4.95999988913536
4.9649998890236
4.96999988891184
4.97499988880008
4.97999988868833
4.98499988857657
4.98999988846481
4.99499988835305
4.99999988824129