   1629.52134931413       4.999999888241291E-003
   1630.01607201120       9.999999776482582E-003
   1630.84423022318       1.499999966472387E-002
   1632.00878608208       1.999999955296516E-002
   1633.51270171989       2.499999944120646E-002
   1635.35893926860       2.999999932944775E-002
   1637.55046086019       3.499999921768904E-002
   1640.09022862667       3.999999910593033E-002
   1642.98120470003       4.499999899417162E-002
   1646.22635121225       4.999999888241291E-002
   1649.82863029534       5.499999877065420E-002
   1653.79100408127       5.999999865889549E-002
   1658.11643470205       6.499999854713678E-002
   1662.80788428967       6.999999843537807E-002
   1667.86831497611       7.499999832361937E-002
   1673.30068889338       7.999999821186066E-002
   1679.10796817346       8.499999810010195E-002
   1685.29311494835       8.999999798834324E-002
   1691.85909135003       9.499999787658453E-002
   1698.80885951050       9.999999776482582E-002
   1706.14538156176       0.104999997653067     
   1713.87161963579       0.109999997541308     
   1721.99053586458       0.114999997429550     
   1730.50509238014       0.119999997317791     
   1739.41825131445       0.124999997206032     
   1748.73297479950       0.129999997094274     
   1758.45222496728       0.134999996982515     
   1768.57896394980       0.139999996870756     
   1779.11615387903       0.144999996758997     
   1790.06675688698       0.149999996647239     
   1801.43373510563       0.154999996535480     
   1813.22005066698       0.159999996423721     
   1825.42866570301       0.164999996311963     
   1838.06254234573       0.169999996200204     
   1851.12464272712       0.174999996088445     
   1864.61792897918       0.179999995976686     
   1878.54536323389       0.184999995864928     
   1892.94733176750       0.189999995753169     
   1908.99943905878       0.194999995641410     
   1927.07130731270       0.199999995529652     
   1946.90604871650       0.204999995417893     
   1968.24677545742       0.209999995306134     
   1990.83659972271       0.214999995194376     
   2014.41863369959       0.219999995082617     
   2038.73598957531       0.224999994970858     
   2063.53177953712       0.229999994859099     
   2088.54911577224       0.234999994747341     
   2113.53111046793       0.239999994635582     
   2138.22087581142       0.244999994523823     
   2162.36152398995       0.249999994412065     
   2185.69616719076       0.254999994300306     
   2207.96791760110       0.259999994188547     
   2228.91988740820       0.264999994076788     
   2248.29518879930       0.269999993965030     
   2266.45387563845       0.274999993853271     
   2284.16177881151       0.279999993741512     
   2301.43314955188       0.284999993629754     
   2318.27683783755       0.289999993517995     
   2334.70169364647       0.294999993406236     
   2350.71656695663       0.299999993294477     
   2366.33030774599       0.304999993182719     
   2381.55176599252       0.309999993070960     
   2396.38979167421       0.314999992959201     
   2410.85323476902       0.319999992847443     
   2424.95094525492       0.324999992735684     
   2438.69177310989       0.329999992623925     
   2452.08456831189       0.334999992512167     
   2465.13818083891       0.339999992400408     
   2477.86146066891       0.344999992288649     
   2490.26325777986       0.349999992176890     
   2502.35242214975       0.354999992065132     
   2514.13780375653       0.359999991953373     
   2525.62824386284       0.364999991841614     
   2536.78691092272       0.369999991729856     
   2547.57952572458       0.374999991618097     
   2558.01507039711       0.379999991506338     
   2568.10252706904       0.384999991394579     
   2577.85087786905       0.389999991282821     
   2587.26910492587       0.394999991171062     
   2596.36619036820       0.399999991059303     
   2605.15111632474       0.404999990947545     
   2613.63286492420       0.409999990835786     
   2621.82041829529       0.414999990724027     
   2629.72275856671       0.419999990612268     
   2637.34886786718       0.424999990500510     
   2644.70772832539       0.429999990388751     
   2651.80832207006       0.434999990276992     
   2658.65963122989       0.439999990165234     
   2665.27063793360       0.444999990053475     
   2671.65032430988       0.449999989941716     
   2677.80767248744       0.454999989829957     
   2683.75166459499       0.459999989718199     
   2689.49128276124       0.464999989606440     
   2695.02835863959       0.469999989494681     
   2700.30334560046       0.474999989382923     
   2705.30535883312       0.479999989271164     
   2710.03993942373       0.484999989159405     
   2714.51262845847       0.489999989047647     
   2718.72896702350       0.494999988935888     
   2722.69449620500       0.499999988824129     
   2726.41475708913       0.504999988712370     
   2729.89529076207       0.509999988600612     
   2733.14163830997       0.514999988488853     
   2736.15934081902       0.519999988377094     
   2738.95393937538       0.524999988265336     
   2741.53097506522       0.529999988153577     
   2743.89598897471       0.534999988041818     
   2746.05452219002       0.539999987930059     
   2748.01211579731       0.544999987818301     
   2749.77431088276       0.549999987706542     
   2751.34664853255       0.554999987594783     
   2752.73466983282       0.559999987483025     
   2753.94391586976       0.564999987371266     
   2754.97992772954       0.569999987259507     
   2755.84824649832       0.574999987147748     
   2756.52540766739       0.579999987035990     
   2756.96772078343       0.584999986924231     
   2757.18010241111       0.589999986812472     
   2757.16829067171       0.594999986700714     
   2756.93802368653       0.599999986588955     
   2756.49503957685       0.604999986477196     
   2755.84507646397       0.609999986365438     
   2754.99387246917       0.614999986253679     
   2753.94716571375       0.619999986141920     
   2752.71069431899       0.624999986030161     
   2751.29019640617       0.629999985918403     
   2749.69141009660       0.634999985806644     
   2747.92007351156       0.639999985694885     
   2745.98192477234       0.644999985583127     
   2743.88270200023       0.649999985471368     
   2741.62814331651       0.654999985359609     
   2739.22398684248       0.659999985247850     
   2736.67597069943       0.664999985136092     
   2733.98983300864       0.669999985024333     
   2731.17131189141       0.674999984912574     
   2728.22614546902       0.679999984800816     
   2725.15985908314       0.684999984689057     
   2721.93586384064       0.689999984577298     
   2718.52705933462       0.694999984465539     
   2714.93757019745       0.699999984353781     
   2711.17152106151       0.704999984242022     
   2707.23303655917       0.709999984130263     
   2703.12624132279       0.714999984018505     
   2698.85525998475       0.719999983906746     
   2694.42421717741       0.724999983794987     
   2689.83723753315       0.729999983683228     
   2685.09844568435       0.734999983571470     
   2680.21196626336       0.739999983459711     
   2675.18192390256       0.744999983347952     
   2670.01244323432       0.749999983236194     
   2664.70764889101       0.754999983124435     
   2659.27166550500       0.759999983012676     
   2653.70861770866       0.764999982900918     
   2648.02263013436       0.769999982789159     
   2642.21782741448       0.774999982677400     
   2636.29833418138       0.779999982565641     
   2630.26827506744       0.784999982453883     
   2624.13177470501       0.789999982342124     
   2617.88043065514       0.794999982230365     
   2611.47328024082       0.799999982118607     
   2604.91020640706       0.804999982006848     
   2598.19512053809       0.809999981895089     
   2591.33193401817       0.814999981783330     
   2584.32455823153       0.819999981671572     
   2577.17690456242       0.824999981559813     
   2569.89288439509       0.829999981448054     
   2562.47640911377       0.834999981336296     
   2554.93139010271       0.839999981224537     
   2547.26173874615       0.844999981112778     
   2539.47136642834       0.849999981001019     
   2531.56418453352       0.854999980889261     
   2523.54410444593       0.859999980777502     
   2515.41503754981       0.864999980665743     
   2507.18089522942       0.869999980553985     
   2498.84558886898       0.874999980442226     
   2490.41302985275       0.879999980330467     
   2481.88712956497       0.884999980218709     
   2473.27179938987       0.889999980106950     
   2464.57094556358       0.894999979995191     
   2455.76130730940       0.899999979883432     
   2446.82043479278       0.904999979771674     
   2437.75127190939       0.909999979659915     
   2428.55676255488       0.914999979548156     
   2419.23985062491       0.919999979436398     
   2409.80348001514       0.924999979324639     
   2400.25059462124       0.929999979212880     
   2390.58413833886       0.934999979101121     
   2380.80705506365       0.939999978989363     
   2370.92228869128       0.944999978877604     
   2360.93278311741       0.949999978765845     
   2350.84148223769       0.954999978654087     
   2340.65132994778       0.959999978542328     
   2330.36527014335       0.964999978430569     
   2319.98624672005       0.969999978318810     
   2309.51720357354       0.974999978207052     
   2298.96108459948       0.979999978095293     
   2288.32083369352       0.984999977983534     
   2277.59939475134       0.989999977871776     
   2266.79241569239       0.994999977760017     
   2255.86940588071       0.999999977648258     
   2244.82922782373        1.00499997753650     
   2233.67489856000        1.00999997742474     
   2222.40943512810        1.01499997731298     
   2211.03585456659        1.01999997720122     
   2199.55717391403        1.02499997708946     
   2187.97641020898        1.02999997697771     
   2176.29658049001        1.03499997686595     
   2164.52070179569        1.03999997675419     
   2152.65179116458        1.04499997664243     
   2140.69286563524        1.04999997653067     
   2128.64694224624        1.05499997641891     
   2116.51703803614        1.05999997630715     
   2104.30617004350        1.06499997619539     
   2092.01735530690        1.06999997608364     
   2079.65361086489        1.07499997597188     
   2067.21795375605        1.07999997586012     
   2054.70645889808        1.08499997574836     
   2042.09111029643        1.08999997563660     
   2029.37095316800        1.09499997552484     
   2016.54872509011        1.09999997541308     
   2003.62716364005        1.10499997530133     
   1990.60900639513        1.10999997518957     
   1977.49699093266        1.11499997507781     
   1964.29385482993        1.11999997496605     
   1951.00233566426        1.12499997485429     
   1937.62517101295        1.12999997474253     
   1924.16509845331        1.13499997463077     
   1910.62485556263        1.13999997451901     
   1897.00717991823        1.14499997440726     
   1883.31480909741        1.14999997429550     
   1869.55048067747        1.15499997418374     
   1855.71693223572        1.15999997407198     
   1841.81616131360        1.16499997396022     
   1827.82724662543        1.16999997384846     
   1813.74128717557        1.17499997373670     
   1799.56060620092        1.17999997362494     
   1785.28752693838        1.18499997351319     
   1770.92437262484        1.18999997340143     
   1756.47346649720        1.19499997328967     
   1741.93713179236        1.19999997317791     
   1727.31769174722        1.20499997306615     
   1712.61746959868        1.20999997295439     
   1697.83878858362        1.21499997284263     
   1682.98397193896        1.21999997273088     
   1668.05534290158        1.22499997261912     
   1653.05522470840        1.22999997250736     
   1637.98594059629        1.23499997239560     
   1622.84519755803        1.23999997228384     
   1607.61163060597        1.24499997217208     
   1592.28423190572        1.24999997206032     
   1576.86534424648        1.25499997194856     
   1561.35731041745        1.25999997183681     
   1545.76247320784        1.26499997172505     
   1530.08317540683        1.26999997161329     
   1514.32175980362        1.27499997150153     
   1498.48056918743        1.27999997138977     
   1482.56194634743        1.28499997127801     
   1466.56823407284        1.28999997116625     
   1450.50177515285        1.29499997105449     
   1434.36491237666        1.29999997094274     
   1418.15408185858        1.30499997083098     
   1401.84672847749        1.30999997071922     
   1385.44336767044        1.31499997060746     
   1368.94744614408        1.31999997049570     
   1352.36241060506        1.32499997038394     
   1335.69170776006        1.32999997027218     
   1318.93878431574        1.33499997016042     
   1302.10708697875        1.33999997004867     
   1285.20006245576        1.34499996993691     
   1268.22115745342        1.34999996982515     
   1251.17381867841        1.35499996971339     
   1234.05967884400        1.35999996960163     
   1216.85201608519        1.36499996948987     
   1199.54541434492        1.36999996937811     
   1182.14575046489        1.37499996926636     
   1164.65890128677        1.37999996915460     
   1147.09074365222        1.38499996904284     
   1129.44715440292        1.38999996893108     
   1111.73401038054        1.39499996881932     
   1093.95718842676        1.39999996870756     
   1076.12256538325        1.40499996859580     
   1058.22784873961        1.40999996848404     
   1040.23592572713        1.41499996837229     
   1022.15069112554        1.41999996826053     
   1003.98308298592        1.42499996814877     
   985.744039359356        1.42999996803701     
   967.444498296919        1.43499996792525     
   949.095397849690        1.43999996781349     
   930.707676068748        1.44499996770173     
   912.291592193576        1.44999996758997     
   893.803576636459        1.45499996747822     
   875.228862804448        1.45999996736646     
   856.590794794358        1.46499996725470     
   837.912716702999        1.46999996714294     
   819.217972627184        1.47499996703118     
   800.529906663725        1.47999996691942     
   781.871862909435        1.48499996680766     
   763.212333720310        1.48999996669590     
   744.500689894100        1.49499996658415     
   725.779272291740        1.49999996647239     
   707.091490034234        1.50499996636063     
   688.480752242585        1.50999996624887     
   669.990468037798        1.51499996613711     
   651.631531743552        1.51999996602535     
   633.310876906730        1.52499996591359     
   615.074059383561        1.52999996580184     
   596.984563935359        1.53499996569008     
   579.105875323437        1.53999996557832     
   561.501478309109        1.54499996546656     
   544.131328030053        1.54999996535480     
   526.948532084384        1.55499996524304     
   510.024466284825        1.55999996513128     
   493.430593441574        1.56499996501952     
   477.238376364828        1.56999996490777     
   461.453567125415        1.57499996479601     
   446.010186947771        1.57999996468425     
   430.955529487706        1.58499996457249     
   416.339858031411        1.58999996446073     
   402.213435865081        1.59499996434897     
   388.582481772503        1.59999996423721     
   375.407923309293        1.60499996412545     
   362.699033084509        1.60999996401370     
   350.465604226774        1.61499996390194     
   338.717429864710        1.61999996379018     
   327.462448272432        1.62499996367842     
   316.686817648816        1.62999996356666     
   306.367231872481        1.63499996345490     
   296.480383386843        1.63999996334314     
   287.002964635318        1.64499996323138     
   277.941044207649        1.64999996311963     
   269.308824061888        1.65499996300787     
   261.071444644741        1.65999996289611     
   253.193553839458        1.66499996278435     
   245.639799529293        1.66999996267259     
   238.386478034381        1.67499996256083     
   231.477273246719        1.67999996244907     
   224.893224013311        1.68499996233732     
   218.600880243722        1.68999996222556     
   212.566791847520        1.69499996211380     
   206.757508734272        1.69999996200204     
   201.159180654734        1.70499996189028     
   195.816426637249        1.70999996177852     
   190.711014824125        1.71499996166676     
   185.817668934725        1.71999996155500     
   181.111112688415        1.72499996144325     
   176.566069804561        1.72999996133149     
   172.160394399920        1.73499996121973     
   167.928341677550        1.73999996110797     
   163.872941122263        1.74499996099621     
   159.976327366961        1.74999996088445     
   156.220635044550        1.75499996077269     
   152.587998787934        1.75999996066093     
   149.060553230019        1.76499996054918     
   145.625915581311        1.76999996043742     
   142.314925830181        1.77499996032566     
   139.126142098487        1.77999996021390     
   136.047839849185        1.78499996010214     
   133.068294545233        1.78999995999038     
   130.175781649586        1.79499995987862     
   127.358576625203        1.79999995976686     
   124.605130397418        1.80499995965511     
   121.930742408020        1.80999995954335     
   119.345701768533        1.81499995943159     
   116.841957528108        1.81999995931983     
   114.411458735895        1.82499995920807     
   112.046154441045        1.82999995909631     
   109.737993692707        1.83499995898455     
   107.478925540032        1.83999995887280     
   105.263145957293        1.84499995876104     
   103.108191958925        1.84999995864928     
   101.015208342036        1.85499995853752     
   98.9786486421526        1.85999995842576     
   96.9929663947995        1.86499995831400     
   95.0526151355025        1.86999995820224     
   93.1520483997873        1.87499995809048     
   91.2857197231793        1.87999995797873     
   89.4498592264674        1.88499995786697     
   87.6580381748776        1.88999995775521     
   85.9110748578394        1.89499995764345     
   84.2049059599031        1.89999995753169     
   82.5354681656189        1.90499995741993     
   80.8986981595369        1.90999995730817     
   79.2905326262074        1.91499995719641     
   77.7069082501805        1.91999995708466     
   76.1445308888281        1.92499995697290     
   74.6133693609148        1.92999995686114     
   73.1153324922124        1.93499995674938     
   71.6473264837508        1.93999995663762     
   70.2062575365603        1.94499995652586     
   68.7890318516708        1.94999995641410     
   67.3925556301126        1.95499995630234     
   66.0137350729156        1.95999995619059     
   64.6500755358057        1.96499995607883     
   63.3097500858225        1.96999995596707     
   61.9942442699216        1.97499995585531     
   60.7008727405036        1.97999995574355     
   59.4269501499693        1.98499995563179     
   58.1697911507192        1.98999995552003     
   56.9267103951541        1.99499995540828     
   55.6950225356745        1.99999995529652     
   54.4741425411086        2.00499995518476     
   53.2717904819409        2.00999995507300     
   52.0869122801397        2.01499995496124     
   50.9170788838896        2.01999995484948     
   49.7598612413754        2.02499995473772     
   48.6128303007818        2.02999995462596     
   47.4735570102938        2.03499995451421     
   46.3402297923758        2.03999995440245     
   45.2192447972225        2.04499995429069     
   44.1109639539238        2.04999995417893     
   43.0128472376934        2.05499995406717     
   41.9223546237447        2.05999995395541     
   40.8369460872914        2.06499995384365     
   39.7540816035470        2.06999995373189     
   38.6742069476608        2.07499995362014     
   37.6024713188233        2.07999995350838     
   36.5367878586311        2.08499995339662     
   35.4746863219873        2.08999995328486     
   34.4136964637946        2.09499995317310     
   33.3513480389561        2.09999995306134     
   32.2884915287288        2.10499995294958     
   31.2275297781830        2.10999995283782     
   30.1671067814649        2.11499995272607     
   29.1058536598006        2.11999995261431     
   28.0424015344159        2.12499995250255     
   26.9720000119023        2.12999995239079     
   25.8962254814567        2.13499995227903     
   24.8240072856331        2.13999995216727     
   23.7642783398839        2.14499995205551     
   22.7045635199467        2.14999995194376     
   21.6324720770016        2.15499995183200     
   20.6046326133503        2.15999995172024     
   19.6796533930426        2.16499995160848     
   18.8643714859628        2.16999995149672     
   18.1258581525676        2.17499995138496     
   17.4494054315779        2.17999995127320     
   16.8203053617147        2.18499995116144     
   16.2291422764407        2.18999995104969     
   15.6849741627162        2.19499995093793     
   15.1826416493325        2.19999995082617     
   14.7151507575162        2.20499995071441     
   14.2755075084939        2.20999995060265     
   13.8572670640728        2.21499995049089     
   13.4650512939036        2.21999995037913     
   13.0992589369363        2.22499995026737     
   12.7565147793052        2.22999995015562     
   12.4334436071447        2.23499995004386     
   12.1266702065889        2.23999994993210     
   11.8328193637723        2.24499994982034     
   11.5517307199347        2.24999994970858     
   11.2868426428555        2.25499994959682     
   11.0366550160571        2.25999994948506     
   10.7995552716980        2.26499994937330     
   10.5739308419370        2.26999994926155     
   10.3581691589326        2.27499994914979     
   10.1506576548436        2.27999994903803     
   9.94981519543632        2.28499994892627     
   9.75720652765250        2.28999994881451     
   9.57392245820937        2.29499994870275     
   9.39918740312594        2.29999994859099     
   9.23222577842118        2.30499994847924     
   9.07226200011411        2.30999994836748     
   8.91852048422371        2.31499994825572     
   8.77022564676897        2.31999994814396     
   8.62660190376889        2.32499994803220     
   8.48687367124247        2.32999994792044     
   8.35128334939487        2.33499994780868     
   8.22120186245730        2.33999994769692     
   8.09630257219749        2.34499994758517     
   7.97621570876424        2.34999994747341     
   7.86057150230635        2.35499994736165     
   7.74900018297261        2.35999994724989     
   7.64113198091183        2.36499994713813     
   7.53659712627281        2.36999994702637     
   7.43502584920434        2.37499994691461     
   7.33604837985522        2.37999994680285     
   7.23929494837425        2.38499994669110     
   7.14477351086657        2.38999994657934     
   7.05342504328053        2.39499994646758     
   6.96516095268806        2.39999994635582     
   6.87980284922834        2.40499994624406     
   6.79717234304057        2.40999994613230     
   6.71709104426393        2.41499994602054     
   6.63938056303762        2.41999994590878     
   6.56386250950081        2.42499994579703     
   6.49035849379270        2.42999994568527     
   6.41869012605247        2.43499994557351     
   6.34867901641931        2.43999994546175     
   6.28014677503241        2.44499994534999     
   6.21291501203096        2.44999994523823     
   6.14683638802281        2.45499994512647     
   6.08242069466400        2.45999994501472     
   6.01984207130521        2.46499994490296     
   5.95901543961630        2.46999994479120     
   5.89985572126710        2.47499994467944     
   5.84227783792748        2.47999994456768     
   5.78619671126728        2.48499994445592     
   5.73152726295636        2.48999994434416     
   5.67818441466457        2.49499994423240     
   5.62608308806175        2.49999994412065     
   5.57513820481776        2.50499994400889     
   5.52526468660245        2.50999994389713     
   5.47637745508566        2.51499994378537     
   5.42839143193726        2.51999994367361     
   5.38122153882708        2.52499994356185     
   5.33478269742499        2.52999994345009     
   5.28899461991805        2.53499994333833     
   5.24411966866360        2.53999994322658     
   5.20031863021022        2.54499994311482     
   5.15755065995938        2.54999994300306     
   5.11577491331254        2.55499994289130     
   5.07495054567116        2.55999994277954     
   5.03503671243669        2.56499994266778     
   4.99599256901058        2.56999994255602     
   4.95777727079431        2.57499994244426     
   4.92034997318931        2.57999994233251     
   4.88366983159706        2.58499994222075     
   4.84769600141902        2.58999994210899     
   4.81238763805662        2.59499994199723     
   4.77770389691135        2.59999994188547     
   4.74360393338464        2.60499994177371     
   4.71004690287797        2.60999994166195     
   4.67699196079278        2.61499994155020     
   4.64439826253054        2.61999994143844     
   4.61222496349271        2.62499994132668     
   4.58043121908073        2.62999994121492     
   4.54855446239483        2.63499994110316     
   4.51566421953681        2.63999994099140     
   4.48193363254956        2.64499994087964     
   4.44758440719056        2.64999994076788     
   4.41283824921728        2.65499994065613     
   4.37791686438720        2.65999994054437     
   4.34304195845779        2.66499994043261     
   4.30843523718653        2.66999994032085     
   4.27431840633089        2.67499994020909     
   4.24091317164836        2.67999994009733     
   4.20844123889640        2.68499993998557     
   4.17712431383250        2.68999993987381     
   4.14718410221412        2.69499993976206     
   4.11884230979875        2.69999993965030     
   4.09232064234386        2.70499993953854     
   4.06784080560692        2.70999993942678     
   4.04562450534542        2.71499993931502     
   4.02589344731682        2.71999993920326     
   4.00886933727861        2.72499993909150     
   3.99477388098826        2.72999993897974     
   3.98382878420324        2.73499993886799     
   3.97625575268104        2.73999993875623     
   3.97227649217912        2.74499993864447     
   3.96193880066896        2.74999993853271     
   3.94075499824928        2.75499993842095     
   3.91987205740632        2.75999993830919     
   3.89928361388357        2.76499993819743     
   3.87898348166889        2.76999993808568     
   3.85896564679780        2.77499993797392     
   3.83922426141339        2.77999993786216     
   3.81975363807078        2.78499993775040     
   3.80054824427426        2.78999993763864     
   3.78160269723618        2.79499993752688     
   3.76291175884712        2.79999993741512     
   3.74447033084756        2.80499993730336     
   3.72627345019156        2.80999993719161     
   3.70831628459369        2.81499993707985     
   3.69059412825084        2.81999993696809     
   3.67310239773084        2.82499993685633     
   3.65583662802046        2.82999993674457     
   3.63879246872557        2.83499993663281     
   3.62196568041665        2.83999993652105     
   3.60535213111331        2.84499993640929     
   3.58894779290158        2.84999993629754     
   3.57274873867812        2.85499993618578     
   3.55675113901607        2.85999993607402     
   3.54095125914692        2.86499993596226     
   3.52534545605373        2.86999993585050     
   3.50993017567078        2.87499993573874     
   3.49470195018511        2.87999993562698     
   3.47965739543577        2.88499993551522     
   3.46479320840657        2.88999993540347     
   3.45010616480846        2.89499993529171     
   3.43559311674792        2.89999993517995     
   3.42125099047756        2.90499993506819     
   3.40707678422595        2.90999993495643     
   3.39306756610300        2.91499993484467     
   3.37922047207828        2.91999993473291     
   3.36553270402892        2.92499993462116     
   3.35200152785469        2.92999993450940     
   3.33862427165730        2.93499993439764     
   3.32539832398146        2.93999993428588     
   3.31232113211540        2.94499993417412     
   3.29939020044830        2.94999993406236     
   3.28660308888258        2.95499993395060     
   3.27395741129889        2.95999993383884     
   3.26145083407170        2.96499993372709     
   3.24908107463365        2.96999993361533     
   3.23684590008678        2.97499993350357     
   3.22474312585874        2.97999993339181     
   3.21277061440254        2.98499993328005     
   3.20092627393793        2.98999993316829     
   3.18920805723305        2.99499993305653     
   3.17761396042482        2.99999993294477     
   3.16614202187653        3.00499993283302     
   3.15479032107141        3.00999993272126     
   3.14355697754082        3.01499993260950     
   3.13244014982578        3.01999993249774     
   3.12143803447057        3.02499993238598     
   3.11054886504749        3.02999993227422     
   3.09977091121130        3.03499993216246     
   3.08910247778268        3.03999993205070     
   3.07854190385935        3.04499993193895     
   3.06808756195405        3.04999993182719     
   3.05773785715846        3.05499993171543     
   3.04749122633202        3.05999993160367     
   3.03734613731492        3.06499993149191     
   3.02730108816433        3.06999993138015     
   3.01735460641318        3.07499993126839     
   3.00750524835056        3.07999993115664     
   2.99775159832319        3.08499993104488     
   2.98809226805710        3.08999993093312     
   2.97852589599887        3.09499993082136     
   2.96905114667590        3.09999993070960     
   2.95966671007485        3.10499993059784     
   2.95037130103786        3.10999993048608     
   2.94116365867584        3.11499993037432     
   2.93204254579829        3.11999993026257     
   2.92300674835911        3.12499993015081     
   2.91405507491797        3.12999993003905     
   2.90518635611652        3.13499992992729     
   2.89639944416923        3.13999992981553     
   2.88769321236818        3.14499992970377     
   2.87906655460139        3.14999992959201     
   2.87051838488442        3.15499992948025     
   2.86204763690460        3.15999992936850     
   2.85365326357761        3.16499992925674     
   2.84533423661598        3.16999992914498     
   2.83708954610924        3.17499992903322     
   2.82891820011516        3.17999992892146     
   2.82081922426197        3.18499992880970     
   2.81279166136095        3.18999992869794     
   2.80483457102940        3.19499992858618     
   2.79694702932337        3.19999992847443     
   2.78912812838001        3.20499992836267     
   2.78137697606924        3.20999992825091     
   2.77369269565442        3.21499992813915     
   2.76607442546175        3.21999992802739     
   2.75852131855819        3.22499992791563     
   2.75103254243756        3.22999992780387     
   2.74360727871469        3.23499992769212     
   2.73624472282724        3.23999992758036     
   2.72894408374513        3.24499992746860     
   2.72170458368717        3.24999992735684     
   2.71452545784492        3.25499992724508     
   2.70740595411325        3.25999992713332     
   2.70034533282775        3.26499992702156     
   2.69334286650853        3.26999992690980     
   2.68639783961035        3.27499992679805     
   2.67950954827889        3.27999992668629     
   2.67267730011298        3.28499992657453     
   2.66590041393251        3.28999992646277     
   2.65917821955213        3.29499992635101     
   2.65251005756024        3.29999992623925     
   2.64589527910340        3.30499992612749     
   2.63933324567585        3.30999992601573     
   2.63282332891404        3.31499992590398     
   2.62636491039607        3.31999992579222     
   2.61995738144581        3.32499992568046     
   2.61360014294175        3.32999992556870     
   2.60729260513016        3.33499992545694     
   2.60103418744279        3.33999992534518     
   2.59482431831867        3.34499992523342     
   2.58866243503015        3.34999992512167     
   2.58254798351291        3.35499992500991     
   2.57648041819984        3.35999992489815     
   2.57045920185881        3.36499992478639     
   2.56448380543409        3.36999992467463     
   2.55855370789138        3.37499992456287     
   2.55266839606637        3.37999992445111     
   2.54682736451671        3.38499992433935     
   2.54103011537729        3.38999992422760     
   2.53527615821880        3.39499992411584     
   2.52956500990942        3.39999992400408     
   2.52389619447958        3.40499992389232     
   2.51826924298975        3.40999992378056     
   2.51268369340109        3.41499992366880     
   2.50713909044903        3.41999992355704     
   2.50163498551952        3.42499992344528     
   2.49617093652808        3.42999992333353     
   2.49074650780140        3.43499992322177     
   2.48536126996155        3.43999992311001     
   2.48001479981267        3.44499992299825     
   2.47470668023016        3.44999992288649     
   2.46943650005211        3.45499992277473     
   2.46420385397321        3.45999992266297     
   2.45900834244081        3.46499992255121     
   2.45384957155322        3.46999992243946     
   2.44872715296015        3.47499992232770     
   2.44364070376529        3.47999992221594     
   2.43858984643086        3.48499992210418     
   2.43357420868423        3.48999992199242     
   2.42859342342643        3.49499992188066     
   2.42364712864259        3.49999992176890     
   2.41873496731425        3.50499992165715     
   2.41385658733344        3.50999992154539     
   2.40901164141853        3.51499992143363     
   2.40419978703184        3.51999992132187     
   2.39942068629894        3.52499992121011     
   2.39467400592947        3.52999992109835     
   2.38995941713978        3.53499992098659     
   2.38527659557692        3.53999992087483     
   2.38062522124430        3.54499992076308     
   2.37600497842878        3.54999992065132     
   2.37141555562924        3.55499992053956     
   2.36685664548660        3.55999992042780     
   2.36232794471513        3.56499992031604     
   2.35782915403529        3.56999992020428     
   2.35335997810772        3.57499992009252     
   2.34892012546864        3.57999991998076     
   2.34450930846649        3.58499991986901     
   2.34012724319981        3.58999991975725     
   2.33577364945630        3.59499991964549     
   2.33144825065311        3.59999991953373     
   2.32715077377828        3.60499991942197     
   2.32288094933327        3.60999991931021     
   2.31863851127662        3.61499991919845     
   2.31442319696872        3.61999991908669     
   2.31023474711761        3.62499991897494     
   2.30607290572578        3.62999991886318     
   2.30193742003804        3.63499991875142     
   2.29782804049034        3.63999991863966     
   2.29374452065957        3.64499991852790     
   2.28968661721429        3.64999991841614     
   2.28565408986644        3.65499991830438     
   2.28164670132383        3.65999991819263     
   2.27766421724368        3.66499991808087     
   2.27370640618686        3.66999991796911     
   2.26977303957313        3.67499991785735     
   2.26586389163707        3.67999991774559     
   2.26197873938491        3.68499991763383     
   2.25811736255215        3.68999991752207     
   2.25427954356189        3.69499991741031     
   2.25046506748399        3.69999991729856     
   2.24667372199494        3.70499991718680     
   2.24290529733845        3.70999991707504     
   2.23915958628679        3.71499991696328     
   2.23543638410279        3.71999991685152     
   2.23173548850254        3.72499991673976     
   2.22805669961874        3.72999991662800     
   2.22439981996474        3.73499991651624     
   2.22076465439919        3.73999991640449     
   2.21715101009133        3.74499991629273     
   2.21355869648690        3.74999991618097     
   2.20998752527461        3.75499991606921     
   2.20643731035330        3.75999991595745     
   2.20290786779953        3.76499991584569     
   2.19939901583590        3.76999991573393     
   2.19591057479977        3.77499991562217     
   2.19244236711264        3.77999991551042     
   2.18899421725001        3.78499991539866     
   2.18556595171175        3.78999991528690     
   2.18215739899301        3.79499991517514     
   2.17876838955563        3.79999991506338     
   2.17539875580003        3.80499991495162     
   2.17204833203754        3.80999991483986     
   2.16871695446331        3.81499991472811     
   2.16540446112955        3.81999991461635     
   2.16211069191933        3.82499991450459     
   2.15883548852076        3.82999991439283     
   2.15557869440163        3.83499991428107     
   2.15234015478447        3.83999991416931     
   2.14911971662205        3.84499991405755     
   2.14591722857323        3.84999991394579     
   2.14273254097928        3.85499991383404     
   2.13956550584058        3.85999991372228     
   2.13641597679364        3.86499991361052     
   2.13328380908863        3.86999991349876     
   2.13016885956711        3.87499991338700     
   2.12707098664032        3.87999991327524     
   2.12399005026765        3.88499991316348     
   2.12092591193555        3.88999991305172     
   2.11787843463682        3.89499991293997     
   2.11484748285012        3.89999991282821     
   2.11183292251994        3.90499991271645     
   2.10883462103679        3.90999991260469     
   2.10585244721780        3.91499991249293     
   2.10288627128754        3.91999991238117     
   2.09993596485923        3.92499991226941     
   2.09700140091619        3.92999991215765     
   2.09408245379364        3.93499991204590     
   2.09117899916074        3.93999991193414     
   2.08829091400295        3.94499991182238     
   2.08541807660464        3.94999991171062     
   2.08256036653201        3.95499991159886     
   2.07971766461624        3.95999991148710     
   2.07688985293694        3.96499991137534     
   2.07407681480587        3.96999991126359     
   2.07127843475080        3.97499991115183     
   2.06849459849984        3.97999991104007     
   2.06572519296575        3.98499991092831     
   2.06297010623073        3.98999991081655     
   2.06022922753129        3.99499991070479     
   2.05750244724344        3.99999991059303     
   2.05478965686802        4.00499991048127     
   2.05209074901638        4.00999991036952     
   2.04940561739615        4.01499991025776     
   2.04673415679732        4.01999991014600     
   2.04407626307848        4.02499991003424     
   2.04143183315331        4.02999990992248     
   2.03880076497722        4.03499990981072     
   2.03618295753425        4.03999990969896     
   2.03357831082413        4.04499990958720     
   2.03098672584955        4.04999990947545     
   2.02840810460362        4.05499990936369     
   2.02584235005750        4.05999990925193     
   2.02328936614825        4.06499990914017     
   2.02074905776684        4.06999990902841     
   2.01822133074632        4.07499990891665     
   2.01570609185020        4.07999990880489     
   2.01320324876097        4.08499990869313     
   2.01071271006884        4.08999990858138     
   2.00823438526056        4.09499990846962     
   2.00576818470850        4.09999990835786     
   2.00331401965984        4.10499990824610     
   2.00087180222588        4.10999990813434     
   1.99844144537160        4.11499990802258     
   1.99602286290529        4.11999990791082     
   1.99361596946839        4.12499990779907     
   1.99122068052541        4.12999990768731     
   1.98883691235404        4.13499990757555     
   1.98646458203545        4.13999990746379     
   1.98410360744457        4.14499990735203     
   1.98175390724074        4.14999990724027     
   1.97941540085825        4.15499990712851     
   1.97708800849723        4.15999990701675     
   1.97477165111448        4.16499990690500     
   1.97246625041462        4.16999990679324     
   1.97017172884119        4.17499990668148     
   1.96788800956797        4.17999990656972     
   1.96561501649045        4.18499990645796     
   1.96335267421731        4.18999990634620     
   1.96110090806213        4.19499990623444     
   1.95885964403517        4.19999990612268     
   1.95662880883523        4.20499990601093     
   1.95440832984170        4.20999990589917     
   1.95219813510665        4.21499990578741     
   1.94999815334708        4.21999990567565     
   1.94780831393724        4.22499990556389     
   1.94562854690108        4.22999990545213     
   1.94345878290481        4.23499990534037     
   1.94129895324952        4.23999990522861     
   1.93914898986395        4.24499990511686     
   1.93700882529732        4.24999990500510     
   1.93487839271230        4.25499990489334     
   1.93275762587805        4.25999990478158     
   1.93064645916332        4.26499990466982     
   1.92854482752974        4.26999990455806     
   1.92645266652509        4.27499990444630     
   1.92436991227671        4.27999990433455     
   1.92229650148506        4.28499990422279     
   1.92023237141723        4.28999990411103     
   1.91817745990067        4.29499990399927     
   1.91613170531692        4.29999990388751     
   1.91409504659546        4.30499990377575     
   1.91206742320763        4.30999990366399     
   1.91004877516063        4.31499990355223     
   1.90803904299161        4.31999990344048     
   1.90603816776183        4.32499990332872     
   1.90404609105090        4.32999990321696     
   1.90206275495107        4.33499990310520     
   1.90008810206168        4.33999990299344     
   1.89812207548354        4.34499990288168     
   1.89616461881353        4.34999990276992     
   1.89421567613918        4.35499990265816     
   1.89227519203335        4.35999990254641     
   1.89034311154896        4.36499990243465     
   1.88841938021385        4.36999990232289     
   1.88650394402560        4.37499990221113     
   1.88459674944651        4.37999990209937     
   1.88269774339862        4.38499990198761     
   1.88080687325876        4.38999990187585     
   1.87892408685372        4.39499990176409     
   1.87704933245541        4.39999990165234     
   1.87518255877618        4.40499990154058     
   1.87332371496407        4.40999990142882     
   1.87147275059826        4.41499990131706     
   1.86962961568449        4.41999990120530     
   1.86779426065051        4.42499990109354     
   1.86596663634173        4.42999990098178     
   1.86414669401674        4.43499990087003     
   1.86233438534304        4.43999990075827     
   1.86052966239272        4.44499990064651     
   1.85873247763827        4.44999990053475     
   1.85694278394838        4.45499990042299     
   1.85516053458383        4.45999990031123     
   1.85338568319343        4.46499990019947     
   1.85161818380998        4.46999990008771     
   1.84985799084632        4.47499989997596     
   1.84810505909142        4.47999989986420     
   1.84635934370647        4.48499989975244     
   1.84462080022110        4.48999989964068     
   1.84288938452958        4.49499989952892     
   1.84116505288708        4.49999989941716     
   1.83944776190603        4.50499989930540     
   1.83773746855243        4.50999989919364     
   1.83603413014229        4.51499989908189     
   1.83433770433805        4.51999989897013     
   1.83264814914510        4.52499989885837     
   1.83096542290831        4.52999989874661     
   1.82928948430858        4.53499989863485     
   1.82762029235951        4.53999989852309     
   1.82595780640398        4.54499989841133     
   1.82430198611094        4.54999989829957     
   1.82265279147208        4.55499989818782     
   1.82101018279864        4.55999989807606     
   1.81937412071821        4.56499989796430     
   1.81774456617161        4.56999989785254     
   1.81612148040974        4.57499989774078     
   1.81450482499054        4.57999989762902     
   1.81289456177597        4.58499989751726     
   1.81129065292895        4.58999989740551     
   1.80969306091046        4.59499989729375     
   1.80810174847659        4.59999989718199     
   1.80651667867563        4.60499989707023     
   1.80493781484521        4.60999989695847     
   1.80336512060951        4.61499989684671     
   1.80179855987643        4.61999989673495     
   1.80023809683483        4.62499989662319     
   1.79868369595183        4.62999989651144     
   1.79713532197009        4.63499989639968     
   1.79559293990513        4.63999989628792     
   1.79405651504274        4.64499989617616     
   1.79252601293634        4.64999989606440     
   1.79100139940440        4.65499989595264     
   1.78948264052793        4.65999989584088     
   1.78796970264794        4.66499989572912     
   1.78646255236296        4.66999989561737     
   1.78496115652656        4.67499989550561     
   1.78346548224497        4.67999989539385     
   1.78197549687463        4.68499989528209     
   1.78049116801984        4.68999989517033     
   1.77901246353040        4.69499989505857     
   1.77753935149930        4.69999989494681     
   1.77607180026042        4.70499989483505     
   1.77460977838625        4.70999989472330     
   1.77315325468566        4.71499989461154     
   1.77170219820168        4.71999989449978     
   1.77025657820931        4.72499989438802     
   1.76881636421335        4.72999989427626     
   1.76738152594624        4.73499989416450     
   1.76595203336595        4.73999989405274     
   1.76452785665390        4.74499989394099     
   1.76310896621287        4.74999989382923     
   1.76169533266492        4.75499989371747     
   1.76028692684945        4.75999989360571     
   1.75888371982109        4.76499989349395     
   1.75748568284778        4.76999989338219     
   1.75609278740882        4.77499989327043     
   1.75470500519286        4.77999989315867     
   1.75332230809606        4.78499989304692     
   1.75194466822015        4.78999989293516     
   1.75057205787057        4.79499989282340     
   1.74920444955459        4.79999989271164     
   1.74784181597951        4.80499989259988     
   1.74648413005082        4.80999989248812     
   1.74513136487042        4.81499989237636     
   1.74378349373481        4.81999989226460     
   1.74244049013339        4.82499989215285     
   1.74110232774665        4.82999989204109     
   1.73976898044453        4.83499989192933     
   1.73844042228466        4.83999989181757     
   1.73711662751069        4.84499989170581     
   1.73579757055064        4.84999989159405     
   1.73448322601526        4.85499989148229     
   1.73317356869635        4.85999989137053     
   1.73186857356521        4.86499989125878     
   1.73056821577103        4.86999989114702     
   1.72927247063928        4.87499989103526     
   1.72798131367018        4.87999989092350     
   1.72669472053716        4.88499989081174     
   1.72541266708530        4.88999989069998     
   1.72413512932985        4.89499989058822     
   1.72286208345473        4.89999989047647     
   1.72159350581103        4.90499989036471     
   1.72032937291556        4.90999989025295     
   1.71906966144940        4.91499989014119     
   1.71781434825648        4.91999989002943     
   1.71656341034213        4.92499988991767     
   1.71531682487170        4.92999988980591     
   1.71407456916915        4.93499988969415     
   1.71283662071572        4.93999988958240     
   1.71160295714849        4.94499988947064     
   1.71037355625914        4.94999988935888     
   1.70914839599250        4.95499988924712     
   1.70792745444533        4.95999988913536     
   1.70671070986496        4.96499988902360     
   1.70549814064801        4.96999988891184     
   1.70428972533911        4.97499988880008     
   1.70308544262966        4.97999988868833     
   1.70188527135652        4.98499988857657     
   1.70068919050084        4.98999988846481     
   1.69949717918679        4.99499988835305     
   1.69830921668033        4.99999988824129     
