1629.52134931413
1630.0160720112
1630.84423022318
1632.00878608208
1633.51270171989
1635.3589392686
1637.55046086019
1640.09022862667
1642.98120470003
1646.22635121225
1649.82863029534
1653.79100408127
1658.11643470205
1662.80788428967
1667.86831497611
1673.30068889338
1679.10796817346
1685.29311494835
1691.85909135003
1698.8088595105
1706.14538156176
1713.87161963579
1721.99053586458
1730.50509238014
1739.41825131445
1748.7329747995
1758.45222496728
1768.5789639498
1779.11615387903
1790.06675688698
1801.43373510563
1813.22005066698
1825.42866570301
1838.06254234573
1851.12464272712
1864.61792897918
1878.54536323389
1892.9473317675
1908.99943905878
1927.0713073127
1946.9060487165
1968.24677545742
1990.83659972271
2014.41863369959
2038.73598957531
2063.53177953712
2088.54911577224
2113.53111046793
2138.22087581142
2162.36152398995
2185.69616719076
2207.9679176011
2228.9198874082
2248.2951887993
2266.45387563845
2284.16177881151
2301.43314955188
2318.27683783755
2334.70169364647
2350.71656695663
2366.33030774599
2381.55176599252
2396.38979167421
2410.85323476902
2424.95094525492
2438.69177310989
2452.08456831189
2465.13818083891
2477.86146066891
2490.26325777986
2502.35242214975
2514.13780375653
2525.62824386284
2536.78691092272
2547.57952572458
2558.01507039711
2568.10252706904
2577.85087786905
2587.26910492587
2596.3661903682
2605.15111632474
2613.6328649242
2621.82041829529
2629.72275856671
2637.34886786718
2644.70772832539
2651.80832207006
2658.65963122989
2665.2706379336
2671.65032430988
2677.80767248744
2683.75166459499
2689.49128276124
2695.02835863959
2700.30334560046
2705.30535883312
2710.03993942373
2714.51262845847
2718.7289670235
2722.694496205
2726.41475708913
2729.89529076207
2733.14163830997
2736.15934081902
2738.95393937538
2741.53097506522
2743.89598897471
2746.05452219002
2748.01211579731
2749.77431088276
2751.34664853255
2752.73466983282
2753.94391586976
2754.97992772954
2755.84824649832
2756.52540766739
2756.96772078343
2757.18010241111
2757.16829067171
2756.93802368653
2756.49503957685
2755.84507646397
2754.99387246917
2753.94716571375
2752.71069431899
2751.29019640617
2749.6914100966
2747.92007351156
2745.98192477234
2743.88270200023
2741.62814331651
2739.22398684248
2736.67597069943
2733.98983300864
2731.17131189141
2728.22614546902
2725.15985908314
2721.93586384064
2718.52705933462
2714.93757019745
2711.17152106151
2707.23303655917
2703.12624132279
2698.85525998475
2694.42421717741
2689.83723753315
2685.09844568435
2680.21196626336
2675.18192390256
2670.01244323432
2664.70764889101
2659.271665505
2653.70861770866
2648.02263013436
2642.21782741448
2636.29833418138
2630.26827506744
2624.13177470501
2617.88043065514
2611.47328024082
2604.91020640706
2598.19512053809
2591.33193401817
2584.32455823153
2577.17690456242
2569.89288439509
2562.47640911377
2554.93139010271
2547.26173874615
2539.47136642834
2531.56418453352
2523.54410444593
2515.41503754981
2507.18089522942
2498.84558886898
2490.41302985275
2481.88712956497
2473.27179938987
2464.57094556358
2455.7613073094
2446.82043479278
2437.75127190939
2428.55676255488
2419.23985062491
2409.80348001514
2400.25059462124
2390.58413833886
2380.80705506365
2370.92228869128
2360.93278311741
2350.84148223769
2340.65132994778
2330.36527014335
2319.98624672005
2309.51720357354
2298.96108459948
2288.32083369352
2277.59939475134
2266.79241569239
2255.86940588071
2244.82922782373
2233.67489856
2222.4094351281
2211.03585456659
2199.55717391403
2187.97641020898
2176.29658049001
2164.52070179569
2152.65179116458
2140.69286563524
2128.64694224624
2116.51703803614
2104.3061700435
2092.0173553069
2079.65361086489
2067.21795375605
2054.70645889808
2042.09111029643
2029.370953168
2016.54872509011
2003.62716364005
1990.60900639513
1977.49699093266
1964.29385482993
1951.00233566426
1937.62517101295
1924.16509845331
1910.62485556263
1897.00717991823
1883.31480909741
1869.55048067747
1855.71693223572
1841.8161613136
1827.82724662543
1813.74128717557
1799.56060620092
1785.28752693838
1770.92437262484
1756.4734664972
1741.93713179236
1727.31769174722
1712.61746959868
1697.83878858362
1682.98397193896
1668.05534290158
1653.0552247084
1637.98594059629
1622.84519755803
1607.61163060597
1592.28423190572
1576.86534424648
1561.35731041745
1545.76247320784
1530.08317540683
1514.32175980362
1498.48056918743
1482.56194634743
1466.56823407284
1450.50177515285
1434.36491237666
1418.15408185858
1401.84672847749
1385.44336767044
1368.94744614408
1352.36241060506
1335.69170776006
1318.93878431574
1302.10708697875
1285.20006245576
1268.22115745342
1251.17381867841
1234.059678844
1216.85201608519
1199.54541434492
1182.14575046489
1164.65890128677
1147.09074365222
1129.44715440292
1111.73401038054
1093.95718842676
1076.12256538325
1058.22784873961
1040.23592572713
1022.15069112554
1003.98308298592
985.744039359356
967.444498296919
949.09539784969
930.707676068748
912.291592193576
893.803576636459
875.228862804448
856.590794794358
837.912716702999
819.217972627184
800.529906663725
781.871862909435
763.21233372031
744.5006898941
725.77927229174
707.091490034234
688.480752242585
669.990468037798
651.631531743552
633.31087690673
615.074059383561
596.984563935359
579.105875323437
561.501478309109
544.131328030053
526.948532084384
510.024466284825
493.430593441574
477.238376364828
461.453567125415
446.010186947771
430.955529487706
416.339858031411
402.213435865081
388.582481772503
375.407923309293
362.699033084509
350.465604226774
338.71742986471
327.462448272432
316.686817648816
306.367231872481
296.480383386843
287.002964635318
277.941044207649
269.308824061888
261.071444644741
253.193553839458
245.639799529293
238.386478034381
231.477273246719
224.893224013311
218.600880243722
212.56679184752
206.757508734272
201.159180654734
195.816426637249
190.711014824125
185.817668934725
181.111112688415
176.566069804561
172.16039439992
167.92834167755
163.872941122263
159.976327366961
156.22063504455
152.587998787934
149.060553230019
145.625915581311
142.314925830181
139.126142098487
136.047839849185
133.068294545233
130.175781649586
127.358576625203
124.605130397418
121.93074240802
119.345701768533
116.841957528108
114.411458735895
112.046154441045
109.737993692707
107.478925540032
105.263145957293
103.108191958925
101.015208342036
98.9786486421526
96.9929663947995
95.0526151355025
93.1520483997873
91.2857197231793
89.4498592264674
87.6580381748776
85.9110748578394
84.2049059599031
82.5354681656189
80.8986981595369
79.2905326262074
77.7069082501805
76.1445308888281
74.6133693609148
73.1153324922124
71.6473264837508
70.2062575365603
68.7890318516708
67.3925556301126
66.0137350729156
64.6500755358057
63.3097500858225
61.9942442699216
60.7008727405036
59.4269501499693
58.1697911507192
56.9267103951541
55.6950225356745
54.4741425411086
53.2717904819409
52.0869122801397
50.9170788838896
49.7598612413754
48.6128303007818
47.4735570102938
46.3402297923758
45.2192447972225
44.1109639539238
43.0128472376934
41.9223546237447
40.8369460872914
39.754081603547
38.6742069476608
37.6024713188233
36.5367878586311
35.4746863219873
34.4136964637946
33.3513480389561
32.2884915287288
31.227529778183
30.1671067814649
29.1058536598006
28.0424015344159
26.9720000119023
25.8962254814567
24.8240072856331
23.7642783398839
22.7045635199467
21.6324720770016
20.6046326133503
19.6796533930426
18.8643714859628
18.1258581525676
17.4494054315779
16.8203053617147
16.2291422764407
15.6849741627162
15.1826416493325
14.7151507575162
14.2755075084939
13.8572670640728
13.4650512939036
13.0992589369363
12.7565147793052
12.4334436071447
12.1266702065889
11.8328193637723
11.5517307199347
11.2868426428555
11.0366550160571
10.799555271698
10.573930841937
10.3581691589326
10.1506576548436
9.94981519543632
9.7572065276525
9.57392245820937
9.39918740312594
9.23222577842118
9.07226200011411
8.91852048422371
8.77022564676897
8.62660190376889
8.48687367124247
8.35128334939487
8.2212018624573
8.09630257219749
7.97621570876424
7.86057150230635
7.74900018297261
7.64113198091183
7.53659712627281
7.43502584920434
7.33604837985522
7.23929494837425
7.14477351086657
7.05342504328053
6.96516095268806
6.87980284922834
6.79717234304057
6.71709104426393
6.63938056303762
6.56386250950081
6.4903584937927
6.41869012605247
6.34867901641931
6.28014677503241
6.21291501203096
6.14683638802281
6.082420694664
6.01984207130521
5.9590154396163
5.8998557212671
5.84227783792748
5.78619671126728
5.73152726295636
5.67818441466457
5.62608308806175
5.57513820481776
5.52526468660245
5.47637745508566
5.42839143193726
5.38122153882708
5.33478269742499
5.28899461991805
5.2441196686636
5.20031863021022
5.15755065995938
5.11577491331254
5.07495054567116
5.03503671243669
4.99599256901058
4.95777727079431
4.92034997318931
4.88366983159706
4.84769600141902
4.81238763805662
4.77770389691135
4.74360393338464
4.71004690287797
4.67699196079278
4.64439826253054
4.61222496349271
4.58043121908073
4.54855446239483
4.51566421953681
4.48193363254956
4.44758440719056
4.41283824921728
4.3779168643872
4.34304195845779
4.30843523718653
4.27431840633089
4.24091317164836
4.2084412388964
4.1771243138325
4.14718410221412
4.11884230979875
4.09232064234386
4.06784080560692
4.04562450534542
4.02589344731682
4.00886933727861
3.99477388098826
3.98382878420324
3.97625575268104
3.97227649217912
3.96193880066896
3.94075499824928
3.91987205740632
3.89928361388357
3.87898348166889
3.8589656467978
3.83922426141339
3.81975363807078
3.80054824427426
3.78160269723618
3.76291175884712
3.74447033084756
3.72627345019156
3.70831628459369
3.69059412825084
3.67310239773084
3.65583662802046
3.63879246872557
3.62196568041665
3.60535213111331
3.58894779290158
3.57274873867812
3.55675113901607
3.54095125914692
3.52534545605373
3.50993017567078
3.49470195018511
3.47965739543577
3.46479320840657
3.45010616480846
3.43559311674792
3.42125099047756
3.40707678422595
3.393067566103
3.37922047207828
3.36553270402892
3.35200152785469
3.3386242716573
3.32539832398146
3.3123211321154
3.2993902004483
3.28660308888258
3.27395741129889
3.2614508340717
3.24908107463365
3.23684590008678
3.22474312585874
3.21277061440254
3.20092627393793
3.18920805723305
3.17761396042482
3.16614202187653
3.15479032107141
3.14355697754082
3.13244014982578
3.12143803447057
3.11054886504749
3.0997709112113
3.08910247778268
3.07854190385935
3.06808756195405
3.05773785715846
3.04749122633202
3.03734613731492
3.02730108816433
3.01735460641318
3.00750524835056
2.99775159832319
2.9880922680571
2.97852589599887
2.9690511466759
2.95966671007485
2.95037130103786
2.94116365867584
2.93204254579829
2.92300674835911
2.91405507491797
2.90518635611652
2.89639944416923
2.88769321236818
2.87906655460139
2.87051838488442
2.8620476369046
2.85365326357761
2.84533423661598
2.83708954610924
2.82891820011516
2.82081922426197
2.81279166136095
2.8048345710294
2.79694702932337
2.78912812838001
2.78137697606924
2.77369269565442
2.76607442546175
2.75852131855819
2.75103254243756
2.74360727871469
2.73624472282724
2.72894408374513
2.72170458368717
2.71452545784492
2.70740595411325
2.70034533282775
2.69334286650853
2.68639783961035
2.67950954827889
2.67267730011298
2.66590041393251
2.65917821955213
2.65251005756024
2.6458952791034
2.63933324567585
2.63282332891404
2.62636491039607
2.61995738144581
2.61360014294175
2.60729260513016
2.60103418744279
2.59482431831867
2.58866243503015
2.58254798351291
2.57648041819984
2.57045920185881
2.56448380543409
2.55855370789138
2.55266839606637
2.54682736451671
2.54103011537729
2.5352761582188
2.52956500990942
2.52389619447958
2.51826924298975
2.51268369340109
2.50713909044903
2.50163498551952
2.49617093652808
2.4907465078014
2.48536126996155
2.48001479981267
2.47470668023016
2.46943650005211
2.46420385397321
2.45900834244081
2.45384957155322
2.44872715296015
2.44364070376529
2.43858984643086
2.43357420868423
2.42859342342643
2.42364712864259
2.41873496731425
2.41385658733344
2.40901164141853
2.40419978703184
2.39942068629894
2.39467400592947
2.38995941713978
2.38527659557692
2.3806252212443
2.37600497842878
2.37141555562924
2.3668566454866
2.36232794471513
2.35782915403529
2.35335997810772
2.34892012546864
2.34450930846649
2.34012724319981
2.3357736494563
2.33144825065311
2.32715077377828
2.32288094933327
2.31863851127662
2.31442319696872
2.31023474711761
2.30607290572578
2.30193742003804
2.29782804049034
2.29374452065957
2.28968661721429
2.28565408986644
2.28164670132383
2.27766421724368
2.27370640618686
2.26977303957313
2.26586389163707
2.26197873938491
2.25811736255215
2.25427954356189
2.25046506748399
2.24667372199494
2.24290529733845
2.23915958628679
2.23543638410279
2.23173548850254
2.22805669961874
2.22439981996474
2.22076465439919
2.21715101009133
2.2135586964869
2.20998752527461
2.2064373103533
2.20290786779953
2.1993990158359
2.19591057479977
2.19244236711264
2.18899421725001
2.18556595171175
2.18215739899301
2.17876838955563
2.17539875580003
2.17204833203754
2.16871695446331
2.16540446112955
2.16211069191933
2.15883548852076
2.15557869440163
2.15234015478447
2.14911971662205
2.14591722857323
2.14273254097928
2.13956550584058
2.13641597679364
2.13328380908863
2.13016885956711
2.12707098664032
2.12399005026765
2.12092591193555
2.11787843463682
2.11484748285012
2.11183292251994
2.10883462103679
2.1058524472178
2.10288627128754
2.09993596485923
2.09700140091619
2.09408245379364
2.09117899916074
2.08829091400295
2.08541807660464
2.08256036653201
2.07971766461624
2.07688985293694
2.07407681480587
2.0712784347508
2.06849459849984
2.06572519296575
2.06297010623073
2.06022922753129
2.05750244724344
2.05478965686802
2.05209074901638
2.04940561739615
2.04673415679732
2.04407626307848
2.04143183315331
2.03880076497722
2.03618295753425
2.03357831082413
2.03098672584955
2.02840810460362
2.0258423500575
2.02328936614825
2.02074905776684
2.01822133074632
2.0157060918502
2.01320324876097
2.01071271006884
2.00823438526056
2.0057681847085
2.00331401965984
2.00087180222588
1.9984414453716
1.99602286290529
1.99361596946839
1.99122068052541
1.98883691235404
1.98646458203545
1.98410360744457
1.98175390724074
1.97941540085825
1.97708800849723
1.97477165111448
1.97246625041462
1.97017172884119
1.96788800956797
1.96561501649045
1.96335267421731
1.96110090806213
1.95885964403517
1.95662880883523
1.9544083298417
1.95219813510665
1.94999815334708
1.94780831393724
1.94562854690108
1.94345878290481
1.94129895324952
1.93914898986395
1.93700882529732
1.9348783927123
1.93275762587805
1.93064645916332
1.92854482752974
1.92645266652509
1.92436991227671
1.92229650148506
1.92023237141723
1.91817745990067
1.91613170531692
1.91409504659546
1.91206742320763
1.91004877516063
1.90803904299161
1.90603816776183
1.9040460910509
1.90206275495107
1.90008810206168
1.89812207548354
1.89616461881353
1.89421567613918
1.89227519203335
1.89034311154896
1.88841938021385
1.8865039440256
1.88459674944651
1.88269774339862
1.88080687325876
1.87892408685372
1.87704933245541
1.87518255877618
1.87332371496407
1.87147275059826
1.86962961568449
1.86779426065051
1.86596663634173
1.86414669401674
1.86233438534304
1.86052966239272
1.85873247763827
1.85694278394838
1.85516053458383
1.85338568319343
1.85161818380998
1.84985799084632
1.84810505909142
1.84635934370647
1.8446208002211
1.84288938452958
1.84116505288708
1.83944776190603
1.83773746855243
1.83603413014229
1.83433770433805
1.8326481491451
1.83096542290831
1.82928948430858
1.82762029235951
1.82595780640398
1.82430198611094
1.82265279147208
1.82101018279864
1.81937412071821
1.81774456617161
1.81612148040974
1.81450482499054
1.81289456177597
1.81129065292895
1.80969306091046
1.80810174847659
1.80651667867563
1.80493781484521
1.80336512060951
1.80179855987643
1.80023809683483
1.79868369595183
1.79713532197009
1.79559293990513
1.79405651504274
1.79252601293634
1.7910013994044
1.78948264052793
1.78796970264794
1.78646255236296
1.78496115652656
1.78346548224497
1.78197549687463
1.78049116801984
1.7790124635304
1.7775393514993
1.77607180026042
1.77460977838625
1.77315325468566
1.77170219820168
1.77025657820931
1.76881636421335
1.76738152594624
1.76595203336595
1.7645278566539
1.76310896621287
1.76169533266492
1.76028692684945
1.75888371982109
1.75748568284778
1.75609278740882
1.75470500519286
1.75332230809606
1.75194466822015
1.75057205787057
1.74920444955459
1.74784181597951
1.74648413005082
1.74513136487042
1.74378349373481
1.74244049013339
1.74110232774665
1.73976898044453
1.73844042228466
1.73711662751069
1.73579757055064
1.73448322601526
1.73317356869635
1.73186857356521
1.73056821577103
1.72927247063928
1.72798131367018
1.72669472053716
1.7254126670853
1.72413512932985
1.72286208345473
1.72159350581103
1.72032937291556
1.7190696614494
1.71781434825648
1.71656341034213
1.7153168248717
1.71407456916915
1.71283662071572
1.71160295714849
1.71037355625914
1.7091483959925
1.70792745444533
1.70671070986496
1.70549814064801
1.70428972533911
1.70308544262966
1.70188527135652
1.70068919050084
1.69949717918679
1.69830921668033