117 118 119
120 121 122
123 124 125
126 127 128
129 130 131
132 133 134
135 136 137
138 139 140
141 142 143
144 145 146
147 148 149
150 151 152
153 154 155
156 157 158
159 160 161
162 163 164
165 166 167
168 169 170
171 172 173
174 175 176
177 178 179
180 181 182
183 184 185
186 187 188
189 190 191
192 193 194
195 196 197
198 199 200
201 202 203
204 205 206
207 208 209
210 211 212
213 214 215
216 217 218
219 220 221
222 223 224
225 226 227
228 229 230
231 232 233
234 235 236
237 238 239
240 241 242
243 244 245
246 247 248
249 250 251
252 253 254
255 256 257
258 259 260
117 261 262
118 263 264
119 265 266
120 267 268
121 269 270
122 271 272
123 273 274
124 275 276
125 277 278
126 279 280
127 281 282
128 283 284
129 285 286
130 287 288
131 289 290
132 291 292
133 293 294
134 295 296
135 297 298
136 299 300
137 301 302
138 303 304
139 305 306
140 307 308
141 309 310
142 311 312
143 313 314
144 315 316
145 317 318
146 319 320
147 321 322
148 323 324
149 325 326
150 327 328
151 329 330
152 331 332
153 333 334
154 335 265
155 264 336
156 337 338
157 339 261
158 266 340
159 341 342
160 343 263
161 262 344
162 345 346
163 347 271
164 270 348
165 349 350
166 351 267
167 272 352
168 353 354
169 355 269
170 268 356
171 357 358
172 359 277
173 276 360
174 361 362
175 363 273
176 278 364
177 365 366
178 367 275
179 274 368
180 369 370
181 371 283
182 282 372
183 373 341
184 344 279
185 284 374
186 338 375
187 376 281
188 280 339
189 377 378
190 379 289
191 288 380
192 381 333
193 336 285
194 290 382
195 342 383
196 384 287
197 286 343
198 385 386
199 387 295
200 294 388
201 389 337
202 340 291
203 296 390
204 334 391
205 392 293
206 292 335
207 378 393
208 394 301
209 300 379
210 395 353
211 356 297
212 302 396
213 350 381
214 382 299
215 298 351
216 397 398
217 399 307
218 306 400
219 401 345
220 348 303
221 308 402
222 354 403
223 404 305
224 304 355
225 405 385
226 388 313
227 312 406
228 391 349
229 352 309
230 314 392
231 346 407
232 408 311
233 310 347
234 370 409
235 410 319
236 318 371
237 411 365
238 368 315
239 320 412
240 362 373
241 374 317
242 316 363
243 413 414
244 415 325
245 324 416
246 417 357
247 360 321
248 326 418
249 366 419
250 420 323
251 322 367
252 421 377
253 380 331
254 330 422
255 383 361
256 364 327
257 332 384
258 358 423
259 424 329
260 328 359
35 119 118
36 117 119
37 118 117
38 122 121
39 120 122
40 121 120
41 125 124
42 123 125
43 124 123
44 128 127
45 126 128
46 127 126
47 131 130
48 129 131
49 130 129
50 134 133
51 132 134
52 133 132
53 137 136
54 135 137
55 136 135
56 140 139
57 138 140
58 139 138
59 143 142
60 141 143
61 142 141
62 146 145
63 144 146
64 145 144
65 149 148
66 147 149
67 148 147
68 152 151
69 150 152
70 151 150
35 155 154
71 153 155
72 154 153
36 158 157
73 156 158
74 157 156
37 161 160
75 159 161
76 160 159
38 164 163
77 162 164
78 163 162
39 167 166
79 165 167
80 166 165
40 170 169
81 168 170
82 169 168
41 173 172
83 171 173
84 172 171
42 176 175
85 174 176
86 175 174
43 179 178
87 177 179
88 178 177
44 182 181
89 180 182
90 181 180
45 185 184
91 183 185
75 184 183
46 188 187
74 186 188
92 187 186
47 191 190
93 189 191
94 190 189
48 194 193
95 192 194
71 193 192
49 197 196
76 195 197
96 196 195
50 200 199
97 198 200
98 199 198
51 203 202
99 201 203
73 202 201
52 206 205
72 204 206
100 205 204
53 209 208
94 207 209
101 208 207
54 212 211
102 210 212
81 211 210
55 215 214
80 213 215
95 214 213
56 218 217
103 216 218
104 217 216
57 221 220
105 219 221
77 220 219
58 224 223
82 222 224
106 223 222
59 227 226
107 225 227
97 226 225
60 230 229
100 228 230
79 229 228
61 233 232
78 231 233
108 232 231
62 236 235
90 234 236
109 235 234
63 239 238
110 237 239
87 238 237
64 242 241
86 240 242
91 241 240
65 245 244
111 243 245
112 244 243
66 248 247
113 246 248
83 247 246
67 251 250
88 249 251
114 250 249
68 254 253
115 252 254
93 253 252
69 257 256
96 255 257
85 256 255
70 260 259
84 258 260
116 259 258
12 262 261
37 117 262
36 261 117
13 264 263
35 118 264
37 263 118
14 266 265
36 119 266
35 265 119
15 268 267
40 120 268
39 267 120
16 270 269
38 121 270
40 269 121
17 272 271
39 122 272
38 271 122
18 274 273
43 123 274
42 273 123
19 276 275
41 124 276
43 275 124
20 278 277
42 125 278
41 277 125
12 280 279
46 126 280
45 279 126
21 282 281
44 127 282
46 281 127
22 284 283
45 128 284
44 283 128
13 286 285
49 129 286
48 285 129
23 288 287
47 130 288
49 287 130
24 290 289
48 131 290
47 289 131
14 292 291
52 132 292
51 291 132
25 294 293
50 133 294
52 293 133
26 296 295
51 134 296
50 295 134
15 298 297
55 135 298
54 297 135
24 300 299
53 136 300
55 299 136
27 302 301
54 137 302
53 301 137
16 304 303
58 138 304
57 303 138
28 306 305
56 139 306
58 305 139
29 308 307
57 140 308
56 307 140
17 310 309
61 141 310
60 309 141
30 312 311
59 142 312
61 311 142
25 314 313
60 143 314
59 313 143
18 316 315
64 144 316
63 315 144
22 318 317
62 145 318
64 317 145
31 320 319
63 146 320
62 319 146
19 322 321
67 147 322
66 321 147
32 324 323
65 148 324
67 323 148
33 326 325
66 149 326
65 325 149
20 328 327
70 150 328
69 327 150
34 330 329
68 151 330
70 329 151
23 332 331
69 152 332
68 331 152
5 334 333
72 153 334
71 333 153
14 265 335
35 154 265
72 335 154
13 336 264
71 155 336
35 264 155
6 338 337
74 156 338
73 337 156
12 261 339
36 157 261
74 339 157
14 340 266
73 158 340
36 266 158
7 342 341
76 159 342
75 341 159
13 263 343
37 160 263
76 343 160
12 344 262
75 161 344
37 262 161
8 346 345
78 162 346
77 345 162
17 271 347
38 163 271
78 347 163
16 348 270
77 164 348
38 270 164
5 350 349
80 165 350
79 349 165
15 267 351
39 166 267
80 351 166
17 352 272
79 167 352
39 272 167
9 354 353
82 168 354
81 353 168
16 269 355
40 169 269
82 355 169
15 356 268
81 170 356
40 268 170
10 358 357
84 171 358
83 357 171
20 277 359
41 172 277
84 359 172
19 360 276
83 173 360
41 276 173
7 362 361
86 174 362
85 361 174
18 273 363
42 175 273
86 363 175
20 364 278
85 176 364
42 278 176
11 366 365
88 177 366
87 365 177
19 275 367
43 178 275
88 367 178
18 368 274
87 179 368
43 274 179
0 370 369
90 180 370
89 369 180
22 283 371
44 181 283
90 371 181
21 372 282
89 182 372
44 282 182
7 341 373
75 183 341
91 373 183
12 279 344
45 184 279
75 344 184
22 374 284
91 185 374
45 284 185
6 375 338
92 186 375
74 338 186
21 281 376
46 187 281
92 376 187
12 339 280
74 188 339
46 280 188
1 378 377
94 189 378
93 377 189
24 289 379
47 190 289
94 379 190
23 380 288
93 191 380
47 288 191
5 333 381
71 192 333
95 381 192
13 285 336
48 193 285
71 336 193
24 382 290
95 194 382
48 290 194
7 383 342
96 195 383
76 342 195
23 287 384
49 196 287
96 384 196
13 343 286
76 197 343
49 286 197
2 386 385
98 198 386
97 385 198
26 295 387
50 199 295
98 387 199
25 388 294
97 200 388
50 294 200
6 337 389
73 201 337
99 389 201
14 291 340
51 202 291
73 340 202
26 390 296
99 203 390
51 296 203
5 391 334
100 204 391
72 334 204
25 293 392
52 205 293
100 392 205
14 335 292
72 206 335
52 292 206
1 393 378
101 207 393
94 378 207
27 301 394
53 208 301
101 394 208
24 379 300
94 209 379
53 300 209
9 353 395
81 210 353
102 395 210
15 297 356
54 211 297
81 356 211
27 396 302
102 212 396
54 302 212
5 381 350
95 213 381
80 350 213
24 299 382
55 214 299
95 382 214
15 351 298
80 215 351
55 298 215
3 398 397
104 216 398
103 397 216
29 307 399
56 217 307
104 399 217
28 400 306
103 218 400
56 306 218
8 345 401
77 219 345
105 401 219
16 303 348
57 220 303
77 348 220
29 402 308
105 221 402
57 308 221
9 403 354
106 222 403
82 354 222
28 305 404
58 223 305
106 404 223
16 355 304
82 224 355
58 304 224
2 385 405
97 225 385
107 405 225
25 313 388
59 226 313
97 388 226
30 406 312
107 227 406
59 312 227
5 349 391
79 228 349
100 391 228
17 309 352
60 229 309
79 352 229
25 392 314
100 230 392
60 314 230
8 407 346
108 231 407
78 346 231
30 311 408
61 232 311
108 408 232
17 347 310
78 233 347
61 310 233
0 409 370
109 234 409
90 370 234
31 319 410
62 235 319
109 410 235
22 371 318
90 236 371
62 318 236
11 365 411
87 237 365
110 411 237
18 315 368
63 238 315
87 368 238
31 412 320
110 239 412
63 320 239
7 373 362
91 240 373
86 362 240
22 317 374
64 241 317
91 374 241
18 363 316
86 242 363
64 316 242
4 414 413
112 243 414
111 413 243
33 325 415
65 244 325
112 415 244
32 416 324
111 245 416
65 324 245
10 357 417
83 246 357
113 417 246
19 321 360
66 247 321
83 360 247
33 418 326
113 248 418
66 326 248
11 419 366
114 249 419
88 366 249
32 323 420
67 250 323
114 420 250
19 367 322
88 251 367
67 322 251
1 377 421
93 252 377
115 421 252
23 331 380
68 253 331
93 380 253
34 422 330
115 254 422
68 330 254
7 361 383
85 255 361
96 383 255
20 327 364
69 256 327
85 364 256
23 384 332
96 257 384
69 332 257
10 423 358
116 258 423
84 358 258
34 329 424
70 259 329
116 424 259
20 359 328
84 260 359
70 328 260
