0
8
9
10
19
23
25
27
29
33
34
35
51
53
63
67
68
74
78
79
84
92
93
94
95
96
109
120
125
128
130
133
135
141
143
144
145
154
156
164
174
180
181
184
188
190
191
196
200
204
206
210
211
213
214
216
217
226
227
231
239
244
248
254
257
264
266
268
274
276
277
280
282
283
294
297
302
309
320
325
327
333
334
341
342
352
355
359
369
374
375
380
381
382
385
391
393
394
395
400
401
402
406
409
417
418
421
427
433
437
439
444
447
448
451
453
454
457
458
468
470
473
477
482
483
489
494
500
505
506
508
510
512
513
514
524
529
532
535
540
541
546
553
557
567
569
570
576
586
593
596
598
604
607
608
611
618
619
620
624
625
635
636
642
645
650
652
653
658
662
665
671
677
680
682
687
706
718
730
737
743
752
753
754
761
764
771
772
774
779
789
790
791
792
795
800
801
813
822
823
834
846
859
866
868
