1.6581632974817013
1.7573232993331591
1.4948684851136256
0.2975560346993159
0.30901699437494745
0.6104249647797776
1.4787917764808411
1.6581632974817007
1.4416788403346845
0.9510565162951536
0.6525825293347166
0.9654514594151782
0.5336978408555909
0.24394973510860615
0.3032212718958947
-1.4416788403346847
-1.6581632974817007
-1.4787917764808411
0.2975560346993161
0.5392321874195575
0.26014100799551376
-0.243949735108606
-0.5336978408555908
-0.30322127189589465
1.9692872541308046
1.9021130325903073
1.9692872541308046
-0.6104249647797776
-0.3090169943749474
-0.2975560346993159
-0.6525825293347165
-0.9510565162951535
-0.9654514594151782
-1.902113032590307
-1.9692872541308044
-1.9692872541308044
0.4498713556817278
0.24394973510860585
0.23651136813309706
-0.24394973510860576
-0.23651136813309706
-0.44987135568172776
1.4416788403346845
1.658163297481701
1.478791776480841
0.024547413335451393
3.78436673043415e-17
-0.02454741333545135
0.9654514594151784
0.6525825293347168
0.9510565162951538
0.7442197173327042
0.9804072528968729
1.1529822469731137
0.3090169943749477
0.29755603469931613
0.6104249647797778
-0.29755603469931624
-0.260141007995514
-0.5392321874195575
1.4948684851136256
1.757323299333159
1.6581632974817013
0.2439497351086063
0.533697840855591
0.3032212718958949
0.4498713556817279
0.23651136813309714
0.2439497351086059
-0.3032212718958948
-0.5336978408555905
-0.24394973510860615
0.2787682579175254
0.2457012679387307
0.5138764810156707
-1.658163297481701
-1.4416788403346845
-1.478791776480841
-0.6525825293347167
-0.9654514594151784
-0.9510565162951536
-1.4948684851136254
-1.757323299333159
-1.6581632974817009
-0.7442197173327046
-1.1529822469731135
-0.9804072528968731
-0.29755603469931613
-0.3090169943749476
-0.6104249647797778
-0.278768257917526
-0.5138764810156708
-0.2457012679387309
-0.4498713556817277
-0.23651136813309714
-0.24394973510860618
0.7630074941144943
1.1674219870298967
1.00576295930076
-1.4948684851136254
-1.658163297481701
-1.757323299333159
-1.1674219870298965
-0.7630074941144949
-1.0057629593007595
-0.02454741333545137
3.784366730434151e-17
0.02454741333545141
1.5020882126842758
1.7765196968653791
1.920796866244415
1.796705334970085
1.2967053349700854
1.1573248963671925
0.27876825791752574
0.
0.
0.31286893008046174
0.9079809994790936
0.8968022466674206
1.2630074941144942
1.4142135623730951
1.7820130483767356
1.796705334970085
1.296705334970085
1.1564344650402312
0.843565534959769
0.3550264946354006
0.6786713462201905
0.17867134622019032
0.
0.
-1.1564344650402314
-1.2967053349700852
-1.796705334970085
-1.7820130483767356
-1.4142135623730951
-1.2630074941144942
1.2161581071440516e-16
0.31262771947396556
0.8245767466398138
0.6904341686553814
0.2031921160239087
9.617358657193274e-17
0.
-0.17867134622019026
-0.6786713462201901
-0.8435655349597693
-0.3550264946354006
0.
1.9753766811902753
1.7765196968653791
1.920796866244415
1.9753766811902755
-0.8968022466674205
-0.9079809994790936
-0.31286893008046174
0.
0.
-0.27876825791752574
-1.7765196968653791
-1.7765196968653791
-1.9207968662444148
-1.9753766811902753
-1.9753766811902755
-1.9207968662444148
0.6904341686553815
0.20319211602390863
0.07123936815719459
0.07303780122184117
-0.20319211602390883
-0.07123936815719442
-0.07303780122184118
-0.17867134622019037
-0.67867134622019
-0.6904341686553804
1.156434465040231
1.7820130483767362
1.4142135623730951
1.2630074941144944
0.
-0.07123936815719448
-0.07303780122184113
0.
0.8968022466674199
0.2787682579175259
0.3550264946354008
0.8435655349597697
0.46365445453533033
0.3011223400795901
0.7922097965434767
1.157324896367192
1.5020882126842758
1.2978946948427756
0.31286893008046196
2.4191387297299924e-16
2.182336575733387e-16
0.9079809994790929
-0.3126277194739662
-0.8245767466398133
1.1119560246986866e-16
0.17867134622019043
0.6786713462201911
1.7319121124709868e-16
0.07303780122184123
0.07123936815719453
-1.7319121124709863e-16
-0.3550264946354008
-0.8435655349597687
-1.1119560246986854e-16
1.1489530165252497e-16
8.992857107222645e-17
-1.7820130483767362
-1.796705334970085
-1.2967053349700848
-1.15643446504023
-1.2630074941144944
-1.4142135623730951
-0.27876825791752596
-0.8968022466674198
-1.1573248963671918
-1.5020882126842758
-0.30112234007959077
-0.4636544545353318
-1.297894694842776
-1.5020882126842758
-1.1573248963671925
-0.7922097965434772
-2.1823365757333873e-16
-2.4191387297299924e-16
-0.31286893008046196
-0.9079809994790929
-0.690434168655382
-0.20319211602390877
-3.8315393377569494e-17
3.8315393377569464e-17